# LUT for tau iso WP 80
# a compression block is followed by the LUT content
# LUT content is structured an eta-Et-nTT structure
#<header> V1 13 9 </header>
0 0
1 0
2 0
3 0
4 0
5 0
6 0
7 0
8 0
9 0
10 0
11 0
12 0
13 0
14 0
15 0
16 1
17 1
18 1
19 2
20 2
21 2
22 3
23 3
24 3
25 3
26 3
27 3
28 3
29 3
30 3
31 3
32 0
33 0
34 0
35 0
36 0
37 0
38 0
39 0
40 0
41 0
42 0
43 0
44 0
45 0
46 0
47 0
48 0
49 0
50 0
51 0
52 0
53 0
54 0
55 0
56 0
57 0
58 0
59 0
60 0
61 0
62 0
63 0
64 0
65 0
66 0
67 0
68 0
69 0
70 0
71 0
72 0
73 0
74 0
75 0
76 0
77 0
78 0
79 0
80 0
81 0
82 0
83 0
84 0
85 0
86 0
87 0
88 0
89 0
90 0
91 0
92 1
93 1
94 1
95 1
96 1
97 1
98 1
99 1
100 1
101 1
102 1
103 1
104 1
105 1
106 1
107 1
108 1
109 1
110 1
111 1
112 1
113 1
114 1
115 1
116 1
117 1
118 1
119 1
120 1
121 1
122 1
123 1
124 1
125 1
126 1
127 1
128 1
129 1
130 1
131 1
132 2
133 2
134 2
135 2
136 2
137 2
138 2
139 2
140 2
141 2
142 2
143 2
144 2
145 2
146 2
147 2
148 2
149 2
150 2
151 2
152 2
153 2
154 2
155 2
156 2
157 2
158 2
159 2
160 2
161 2
162 2
163 2
164 2
165 2
166 2
167 2
168 2
169 2
170 2
171 2
172 3
173 3
174 3
175 3
176 3
177 3
178 3
179 3
180 3
181 3
182 3
183 3
184 3
185 3
186 3
187 3
188 3
189 3
190 3
191 3
192 3
193 3
194 3
195 3
196 3
197 3
198 3
199 3
200 3
201 3
202 3
203 3
204 3
205 3
206 3
207 3
208 3
209 3
210 3
211 3
212 4
213 4
214 4
215 4
216 4
217 4
218 4
219 4
220 4
221 4
222 4
223 4
224 4
225 4
226 4
227 4
228 4
229 4
230 4
231 4
232 4
233 4
234 4
235 4
236 4
237 4
238 4
239 4
240 4
241 4
242 4
243 4
244 4
245 4
246 4
247 4
248 4
249 4
250 4
251 4
252 5
253 5
254 5
255 5
256 5
257 5
258 5
259 5
260 5
261 5
262 5
263 5
264 5
265 5
266 5
267 5
268 5
269 5
270 5
271 5
272 5
273 5
274 5
275 5
276 5
277 5
278 5
279 5
280 5
281 5
282 5
283 5
284 5
285 5
286 5
287 5
288 5
289 5
290 5
291 5
292 5
293 5
294 5
295 5
296 5
297 5
298 5
299 5
300 5
301 5
302 5
303 5
304 5
305 5
306 5
307 5
308 5
309 5
310 5
311 5
312 5
313 5
314 5
315 5
316 5
317 5
318 5
319 5
320 5
321 5
322 5
323 5
324 5
325 5
326 5
327 5
328 5
329 5
330 5
331 5
332 5
333 5
334 5
335 5
336 5
337 5
338 5
339 5
340 5
341 5
342 5
343 5
344 5
345 5
346 5
347 5
348 5
349 5
350 5
351 5
352 5
353 5
354 5
355 5
356 5
357 5
358 5
359 5
360 5
361 5
362 5
363 5
364 5
365 5
366 5
367 5
368 5
369 5
370 5
371 5
372 5
373 5
374 5
375 5
376 5
377 5
378 5
379 5
380 5
381 5
382 5
383 5
384 5
385 5
386 5
387 5
388 5
389 5
390 5
391 5
392 5
393 5
394 5
395 5
396 5
397 5
398 5
399 5
400 5
401 5
402 5
403 5
404 5
405 5
406 5
407 5
408 5
409 5
410 5
411 5
412 5
413 5
414 5
415 5
416 5
417 5
418 5
419 5
420 5
421 5
422 5
423 5
424 5
425 5
426 5
427 5
428 5
429 5
430 5
431 5
432 5
433 5
434 5
435 5
436 5
437 5
438 5
439 5
440 5
441 5
442 5
443 5
444 5
445 5
446 5
447 5
448 5
449 5
450 5
451 5
452 5
453 5
454 5
455 5
456 5
457 5
458 5
459 5
460 5
461 5
462 5
463 5
464 5
465 5
466 5
467 5
468 5
469 5
470 5
471 5
472 5
473 5
474 5
475 5
476 5
477 5
478 5
479 5
480 5
481 5
482 5
483 5
484 5
485 5
486 5
487 5
488 5
489 5
490 5
491 5
492 5
493 5
494 5
495 5
496 5
497 5
498 5
499 5
500 5
501 5
502 5
503 5
504 5
505 5
506 5
507 5
508 5
509 5
510 5
511 5
512 5
513 5
514 5
515 5
516 5
517 5
518 5
519 5
520 5
521 5
522 5
523 5
524 5
525 5
526 5
527 5
528 5
529 5
530 5
531 5
532 5
533 5
534 5
535 5
536 5
537 5
538 5
539 5
540 5
541 5
542 5
543 5
544 0
545 0
546 1
547 1
548 2
549 2
550 3
551 3
552 4
553 4
554 5
555 5
556 6
557 6
558 7
559 7
560 8
561 8
562 9
563 9
564 10
565 10
566 11
567 11
568 12
569 12
570 13
571 13
572 14
573 14
574 15
575 15
576 16
577 16
578 17
579 17
580 18
581 18
582 19
583 19
584 20
585 20
586 21
587 21
588 22
589 22
590 23
591 23
592 24
593 24
594 25
595 25
596 26
597 26
598 27
599 27
600 28
601 28
602 29
603 29
604 30
605 30
606 31
607 31
608 32
609 32
610 33
611 33
612 34
613 34
614 35
615 35
616 36
617 36
618 37
619 37
620 38
621 38
622 39
623 39
624 40
625 40
626 41
627 41
628 42
629 42
630 43
631 43
632 44
633 44
634 45
635 45
636 46
637 46
638 47
639 47
640 48
641 48
642 49
643 49
644 50
645 50
646 51
647 51
648 52
649 52
650 53
651 53
652 54
653 54
654 55
655 55
656 56
657 56
658 57
659 57
660 58
661 58
662 59
663 59
664 60
665 60
666 61
667 61
668 62
669 62
670 63
671 63
672 64
673 64
674 65
675 65
676 66
677 66
678 67
679 67
680 68
681 68
682 69
683 69
684 70
685 70
686 71
687 71
688 72
689 72
690 73
691 73
692 74
693 74
694 74
695 74
696 74
697 74
698 74
699 74
700 74
701 74
702 74
703 74
704 74
705 74
706 74
707 74
708 74
709 74
710 74
711 74
712 74
713 74
714 74
715 74
716 74
717 74
718 74
719 74
720 74
721 74
722 74
723 74
724 74
725 74
726 74
727 74
728 74
729 74
730 74
731 74
732 74
733 74
734 74
735 74
736 74
737 74
738 74
739 74
740 74
741 74
742 74
743 74
744 74
745 74
746 74
747 74
748 74
749 74
750 74
751 74
752 74
753 74
754 74
755 74
756 74
757 74
758 74
759 74
760 74
761 74
762 74
763 74
764 74
765 74
766 74
767 74
768 74
769 74
770 74
771 74
772 74
773 74
774 74
775 74
776 74
777 74
778 74
779 74
780 74
781 74
782 74
783 74
784 74
785 74
786 74
787 74
788 74
789 74
790 74
791 74
792 74
793 74
794 74
795 74
796 74
797 74
798 74
799 74
800 74
801 74
802 74
803 74
804 74
805 74
806 74
807 74
808 74
809 74
810 74
811 74
812 74
813 74
814 74
815 74
816 74
817 74
818 74
819 74
820 74
821 74
822 74
823 74
824 74
825 74
826 74
827 74
828 74
829 74
830 74
831 74
832 74
833 74
834 74
835 74
836 74
837 74
838 74
839 74
840 74
841 74
842 74
843 74
844 74
845 74
846 74
847 74
848 74
849 74
850 74
851 74
852 74
853 74
854 74
855 74
856 74
857 74
858 74
859 74
860 74
861 74
862 74
863 74
864 74
865 74
866 74
867 74
868 74
869 74
870 74
871 74
872 74
873 74
874 74
875 74
876 74
877 74
878 74
879 74
880 74
881 74
882 74
883 74
884 74
885 74
886 74
887 74
888 74
889 74
890 74
891 74
892 74
893 74
894 74
895 74
896 74
897 74
898 74
899 74
900 74
901 74
902 74
903 74
904 74
905 74
906 74
907 74
908 74
909 74
910 74
911 74
912 74
913 74
914 74
915 74
916 74
917 74
918 74
919 74
920 74
921 74
922 74
923 74
924 74
925 74
926 74
927 74
928 74
929 74
930 74
931 74
932 74
933 74
934 74
935 74
936 74
937 74
938 74
939 74
940 74
941 74
942 74
943 74
944 74
945 74
946 74
947 74
948 74
949 74
950 74
951 74
952 74
953 74
954 74
955 74
956 74
957 74
958 74
959 74
960 74
961 74
962 74
963 74
964 74
965 74
966 74
967 74
968 74
969 74
970 74
971 74
972 74
973 74
974 74
975 74
976 74
977 74
978 74
979 74
980 74
981 74
982 74
983 74
984 74
985 74
986 74
987 74
988 74
989 74
990 74
991 74
992 74
993 74
994 74
995 74
996 74
997 74
998 74
999 74
1000 74
1001 74
1002 74
1003 74
1004 74
1005 74
1006 74
1007 74
1008 74
1009 74
1010 74
1011 74
1012 74
1013 74
1014 74
1015 74
1016 74
1017 74
1018 74
1019 74
1020 74
1021 74
1022 74
1023 74
1024 74
1025 74
1026 74
1027 74
1028 74
1029 74
1030 74
1031 74
1032 74
1033 74
1034 74
1035 74
1036 74
1037 74
1038 74
1039 74
1040 74
1041 74
1042 74
1043 74
1044 74
1045 74
1046 74
1047 74
1048 74
1049 74
1050 74
1051 74
1052 74
1053 74
1054 74
1055 74
1056 74
1057 74
1058 74
1059 74
1060 74
1061 74
1062 74
1063 74
1064 74
1065 74
1066 74
1067 74
1068 74
1069 74
1070 74
1071 74
1072 74
1073 74
1074 74
1075 74
1076 74
1077 74
1078 74
1079 74
1080 74
1081 74
1082 74
1083 74
1084 74
1085 74
1086 74
1087 74
1088 74
1089 74
1090 74
1091 74
1092 74
1093 74
1094 74
1095 74
1096 74
1097 74
1098 74
1099 74
1100 74
1101 74
1102 74
1103 74
1104 74
1105 74
1106 74
1107 74
1108 74
1109 74
1110 74
1111 74
1112 74
1113 74
1114 74
1115 74
1116 74
1117 74
1118 74
1119 74
1120 74
1121 74
1122 74
1123 74
1124 74
1125 74
1126 74
1127 74
1128 74
1129 74
1130 74
1131 74
1132 74
1133 74
1134 74
1135 74
1136 74
1137 74
1138 74
1139 74
1140 74
1141 74
1142 74
1143 74
1144 74
1145 74
1146 74
1147 74
1148 74
1149 74
1150 74
1151 74
1152 74
1153 74
1154 74
1155 74
1156 74
1157 74
1158 74
1159 74
1160 74
1161 74
1162 74
1163 74
1164 74
1165 74
1166 74
1167 74
1168 74
1169 74
1170 74
1171 74
1172 74
1173 74
1174 74
1175 74
1176 74
1177 74
1178 74
1179 74
1180 74
1181 74
1182 74
1183 74
1184 74
1185 74
1186 74
1187 74
1188 74
1189 74
1190 74
1191 74
1192 74
1193 74
1194 74
1195 74
1196 74
1197 74
1198 74
1199 74
1200 74
1201 74
1202 74
1203 74
1204 74
1205 74
1206 74
1207 74
1208 74
1209 74
1210 74
1211 74
1212 74
1213 74
1214 74
1215 74
1216 74
1217 74
1218 74
1219 74
1220 74
1221 74
1222 74
1223 74
1224 74
1225 74
1226 74
1227 74
1228 74
1229 74
1230 74
1231 74
1232 74
1233 74
1234 74
1235 74
1236 74
1237 74
1238 74
1239 74
1240 74
1241 74
1242 74
1243 74
1244 74
1245 74
1246 74
1247 74
1248 74
1249 74
1250 74
1251 74
1252 74
1253 74
1254 74
1255 74
1256 74
1257 74
1258 74
1259 74
1260 74
1261 74
1262 74
1263 74
1264 74
1265 74
1266 74
1267 74
1268 74
1269 74
1270 74
1271 74
1272 74
1273 74
1274 74
1275 74
1276 74
1277 74
1278 74
1279 74
1280 74
1281 74
1282 74
1283 74
1284 74
1285 74
1286 74
1287 74
1288 74
1289 74
1290 74
1291 74
1292 74
1293 74
1294 74
1295 74
1296 74
1297 74
1298 74
1299 74
1300 74
1301 74
1302 74
1303 74
1304 74
1305 74
1306 74
1307 74
1308 74
1309 74
1310 74
1311 74
1312 74
1313 74
1314 74
1315 74
1316 74
1317 74
1318 74
1319 74
1320 74
1321 74
1322 74
1323 74
1324 74
1325 74
1326 74
1327 74
1328 74
1329 74
1330 74
1331 74
1332 74
1333 74
1334 74
1335 74
1336 74
1337 74
1338 74
1339 74
1340 74
1341 74
1342 74
1343 74
1344 74
1345 74
1346 74
1347 74
1348 74
1349 74
1350 74
1351 74
1352 74
1353 74
1354 74
1355 74
1356 74
1357 74
1358 74
1359 74
1360 74
1361 74
1362 74
1363 74
1364 74
1365 74
1366 74
1367 74
1368 74
1369 74
1370 74
1371 74
1372 74
1373 74
1374 74
1375 74
1376 74
1377 74
1378 74
1379 74
1380 74
1381 74
1382 74
1383 74
1384 74
1385 74
1386 74
1387 74
1388 74
1389 74
1390 74
1391 74
1392 74
1393 74
1394 74
1395 74
1396 74
1397 74
1398 74
1399 74
1400 74
1401 74
1402 74
1403 74
1404 74
1405 74
1406 74
1407 74
1408 74
1409 74
1410 74
1411 74
1412 74
1413 74
1414 74
1415 74
1416 74
1417 74
1418 74
1419 74
1420 74
1421 74
1422 74
1423 74
1424 74
1425 74
1426 74
1427 74
1428 74
1429 74
1430 74
1431 74
1432 74
1433 74
1434 74
1435 74
1436 74
1437 74
1438 74
1439 74
1440 74
1441 74
1442 74
1443 74
1444 74
1445 74
1446 74
1447 74
1448 74
1449 74
1450 74
1451 74
1452 74
1453 74
1454 74
1455 74
1456 74
1457 74
1458 74
1459 74
1460 74
1461 74
1462 74
1463 74
1464 74
1465 74
1466 74
1467 74
1468 74
1469 74
1470 74
1471 74
1472 74
1473 74
1474 74
1475 74
1476 74
1477 74
1478 74
1479 74
1480 74
1481 74
1482 74
1483 74
1484 74
1485 74
1486 74
1487 74
1488 74
1489 74
1490 74
1491 74
1492 74
1493 74
1494 74
1495 74
1496 74
1497 74
1498 74
1499 74
1500 74
1501 74
1502 74
1503 74
1504 74
1505 74
1506 74
1507 74
1508 74
1509 74
1510 74
1511 74
1512 74
1513 74
1514 74
1515 74
1516 74
1517 74
1518 74
1519 74
1520 74
1521 74
1522 74
1523 74
1524 74
1525 74
1526 74
1527 74
1528 74
1529 74
1530 74
1531 74
1532 74
1533 74
1534 74
1535 74
1536 74
1537 74
1538 74
1539 74
1540 74
1541 74
1542 74
1543 74
1544 74
1545 74
1546 74
1547 74
1548 74
1549 74
1550 74
1551 74
1552 74
1553 74
1554 74
1555 74
1556 74
1557 74
1558 74
1559 74
1560 74
1561 74
1562 74
1563 74
1564 74
1565 74
1566 74
1567 74
1568 7
1569 7
1570 8
1571 8
1572 8
1573 8
1574 8
1575 9
1576 9
1577 9
1578 9
1579 9
1580 10
1581 10
1582 10
1583 10
1584 10
1585 11
1586 11
1587 11
1588 11
1589 11
1590 12
1591 12
1592 12
1593 12
1594 12
1595 13
1596 13
1597 13
1598 13
1599 13
1600 14
1601 14
1602 14
1603 14
1604 14
1605 15
1606 15
1607 15
1608 15
1609 15
1610 15
1611 16
1612 16
1613 16
1614 16
1615 16
1616 17
1617 17
1618 17
1619 17
1620 17
1621 18
1622 18
1623 18
1624 18
1625 18
1626 19
1627 19
1628 19
1629 19
1630 19
1631 20
1632 20
1633 20
1634 20
1635 20
1636 21
1637 21
1638 21
1639 21
1640 21
1641 22
1642 22
1643 0
1644 0
1645 0
1646 0
1647 0
1648 0
1649 0
1650 0
1651 0
1652 0
1653 0
1654 0
1655 0
1656 0
1657 0
1658 0
1659 0
1660 0
1661 0
1662 0
1663 0
1664 0
1665 0
1666 0
1667 0
1668 0
1669 0
1670 0
1671 0
1672 0
1673 0
1674 0
1675 0
1676 0
1677 0
1678 0
1679 0
1680 0
1681 0
1682 0
1683 0
1684 0
1685 0
1686 0
1687 0
1688 0
1689 0
1690 0
1691 0
1692 0
1693 0
1694 0
1695 0
1696 8
1697 9
1698 9
1699 9
1700 9
1701 9
1702 9
1703 9
1704 10
1705 10
1706 10
1707 10
1708 10
1709 10
1710 10
1711 11
1712 11
1713 11
1714 11
1715 11
1716 11
1717 11
1718 12
1719 12
1720 12
1721 12
1722 12
1723 12
1724 12
1725 13
1726 13
1727 13
1728 13
1729 13
1730 13
1731 13
1732 14
1733 14
1734 14
1735 14
1736 14
1737 14
1738 14
1739 15
1740 15
1741 15
1742 15
1743 15
1744 15
1745 15
1746 16
1747 16
1748 16
1749 16
1750 16
1751 16
1752 16
1753 17
1754 17
1755 17
1756 17
1757 17
1758 17
1759 17
1760 18
1761 18
1762 18
1763 18
1764 18
1765 18
1766 18
1767 19
1768 19
1769 19
1770 19
1771 0
1772 0
1773 0
1774 0
1775 0
1776 0
1777 0
1778 0
1779 0
1780 0
1781 0
1782 0
1783 0
1784 0
1785 0
1786 0
1787 0
1788 0
1789 0
1790 0
1791 0
1792 0
1793 0
1794 0
1795 0
1796 0
1797 0
1798 0
1799 0
1800 0
1801 0
1802 0
1803 0
1804 0
1805 0
1806 0
1807 0
1808 0
1809 0
1810 0
1811 0
1812 0
1813 0
1814 0
1815 0
1816 0
1817 0
1818 0
1819 0
1820 0
1821 0
1822 0
1823 0
1824 8
1825 8
1826 9
1827 9
1828 9
1829 9
1830 9
1831 10
1832 10
1833 10
1834 10
1835 10
1836 11
1837 11
1838 11
1839 11
1840 11
1841 12
1842 12
1843 12
1844 12
1845 12
1846 13
1847 13
1848 13
1849 13
1850 13
1851 14
1852 14
1853 14
1854 14
1855 14
1856 15
1857 15
1858 15
1859 15
1860 15
1861 15
1862 16
1863 16
1864 16
1865 16
1866 16
1867 17
1868 17
1869 17
1870 17
1871 17
1872 18
1873 18
1874 18
1875 18
1876 18
1877 19
1878 19
1879 19
1880 19
1881 19
1882 20
1883 20
1884 20
1885 20
1886 20
1887 21
1888 21
1889 21
1890 21
1891 21
1892 22
1893 22
1894 22
1895 22
1896 22
1897 23
1898 23
1899 0
1900 0
1901 0
1902 0
1903 0
1904 0
1905 0
1906 0
1907 0
1908 0
1909 0
1910 0
1911 0
1912 0
1913 0
1914 0
1915 0
1916 0
1917 0
1918 0
1919 0
1920 0
1921 0
1922 0
1923 0
1924 0
1925 0
1926 0
1927 0
1928 0
1929 0
1930 0
1931 0
1932 0
1933 0
1934 0
1935 0
1936 0
1937 0
1938 0
1939 0
1940 0
1941 0
1942 0
1943 0
1944 0
1945 0
1946 0
1947 0
1948 0
1949 0
1950 0
1951 0
1952 10
1953 11
1954 11
1955 11
1956 11
1957 11
1958 11
1959 11
1960 12
1961 12
1962 12
1963 12
1964 12
1965 12
1966 12
1967 13
1968 13
1969 13
1970 13
1971 13
1972 13
1973 13
1974 14
1975 14
1976 14
1977 14
1978 14
1979 14
1980 14
1981 15
1982 15
1983 15
1984 15
1985 15
1986 15
1987 15
1988 16
1989 16
1990 16
1991 16
1992 16
1993 16
1994 16
1995 17
1996 17
1997 17
1998 17
1999 17
2000 17
2001 17
2002 18
2003 18
2004 18
2005 18
2006 18
2007 18
2008 18
2009 19
2010 19
2011 19
2012 19
2013 19
2014 19
2015 19
2016 19
2017 20
2018 20
2019 20
2020 20
2021 20
2022 20
2023 20
2024 21
2025 21
2026 21
2027 0
2028 0
2029 0
2030 0
2031 0
2032 0
2033 0
2034 0
2035 0
2036 0
2037 0
2038 0
2039 0
2040 0
2041 0
2042 0
2043 0
2044 0
2045 0
2046 0
2047 0
2048 0
2049 0
2050 0
2051 0
2052 0
2053 0
2054 0
2055 0
2056 0
2057 0
2058 0
2059 0
2060 0
2061 0
2062 0
2063 0
2064 0
2065 0
2066 0
2067 0
2068 0
2069 0
2070 0
2071 0
2072 0
2073 0
2074 0
2075 0
2076 0
2077 0
2078 0
2079 0
2080 12
2081 12
2082 12
2083 12
2084 12
2085 13
2086 13
2087 13
2088 13
2089 13
2090 13
2091 13
2092 14
2093 14
2094 14
2095 14
2096 14
2097 14
2098 15
2099 15
2100 15
2101 15
2102 15
2103 15
2104 16
2105 16
2106 16
2107 16
2108 16
2109 16
2110 17
2111 17
2112 17
2113 17
2114 17
2115 17
2116 18
2117 18
2118 18
2119 18
2120 18
2121 18
2122 18
2123 19
2124 19
2125 19
2126 19
2127 19
2128 19
2129 20
2130 20
2131 20
2132 20
2133 20
2134 20
2135 21
2136 21
2137 21
2138 21
2139 21
2140 21
2141 22
2142 22
2143 22
2144 22
2145 22
2146 22
2147 22
2148 23
2149 23
2150 23
2151 23
2152 23
2153 23
2154 24
2155 0
2156 0
2157 0
2158 0
2159 0
2160 0
2161 0
2162 0
2163 0
2164 0
2165 0
2166 0
2167 0
2168 0
2169 0
2170 0
2171 0
2172 0
2173 0
2174 0
2175 0
2176 0
2177 0
2178 0
2179 0
2180 0
2181 0
2182 0
2183 0
2184 0
2185 0
2186 0
2187 0
2188 0
2189 0
2190 0
2191 0
2192 0
2193 0
2194 0
2195 0
2196 0
2197 0
2198 0
2199 0
2200 0
2201 0
2202 0
2203 0
2204 0
2205 0
2206 0
2207 0
2208 12
2209 13
2210 13
2211 13
2212 13
2213 13
2214 14
2215 14
2216 14
2217 14
2218 14
2219 14
2220 15
2221 15
2222 15
2223 15
2224 15
2225 16
2226 16
2227 16
2228 16
2229 16
2230 16
2231 17
2232 17
2233 17
2234 17
2235 17
2236 18
2237 18
2238 18
2239 18
2240 18
2241 19
2242 19
2243 19
2244 19
2245 19
2246 19
2247 20
2248 20
2249 20
2250 20
2251 20
2252 21
2253 21
2254 21
2255 21
2256 21
2257 21
2258 22
2259 22
2260 22
2261 22
2262 22
2263 23
2264 23
2265 23
2266 23
2267 23
2268 23
2269 24
2270 24
2271 24
2272 24
2273 24
2274 25
2275 25
2276 25
2277 25
2278 25
2279 26
2280 26
2281 26
2282 26
2283 0
2284 0
2285 0
2286 0
2287 0
2288 0
2289 0
2290 0
2291 0
2292 0
2293 0
2294 0
2295 0
2296 0
2297 0
2298 0
2299 0
2300 0
2301 0
2302 0
2303 0
2304 0
2305 0
2306 0
2307 0
2308 0
2309 0
2310 0
2311 0
2312 0
2313 0
2314 0
2315 0
2316 0
2317 0
2318 0
2319 0
2320 0
2321 0
2322 0
2323 0
2324 0
2325 0
2326 0
2327 0
2328 0
2329 0
2330 0
2331 0
2332 0
2333 0
2334 0
2335 0
2336 0
2337 0
2338 0
2339 0
2340 0
2341 0
2342 0
2343 0
2344 0
2345 0
2346 0
2347 0
2348 0
2349 0
2350 0
2351 0
2352 0
2353 0
2354 0
2355 0
2356 0
2357 0
2358 0
2359 0
2360 0
2361 0
2362 0
2363 0
2364 0
2365 0
2366 0
2367 0
2368 0
2369 0
2370 0
2371 0
2372 0
2373 0
2374 0
2375 0
2376 0
2377 0
2378 0
2379 0
2380 0
2381 0
2382 0
2383 0
2384 0
2385 0
2386 0
2387 0
2388 0
2389 0
2390 0
2391 0
2392 0
2393 0
2394 0
2395 0
2396 0
2397 0
2398 0
2399 0
2400 0
2401 0
2402 0
2403 0
2404 0
2405 0
2406 0
2407 0
2408 0
2409 0
2410 0
2411 0
2412 0
2413 0
2414 0
2415 0
2416 0
2417 0
2418 0
2419 0
2420 0
2421 0
2422 0
2423 0
2424 0
2425 0
2426 0
2427 0
2428 0
2429 0
2430 0
2431 0
2432 0
2433 0
2434 0
2435 0
2436 0
2437 0
2438 0
2439 0
2440 0
2441 0
2442 0
2443 0
2444 0
2445 0
2446 0
2447 0
2448 0
2449 0
2450 0
2451 0
2452 0
2453 0
2454 0
2455 0
2456 0
2457 0
2458 0
2459 0
2460 0
2461 0
2462 0
2463 0
2464 0
2465 0
2466 0
2467 0
2468 0
2469 0
2470 0
2471 0
2472 0
2473 0
2474 0
2475 0
2476 0
2477 0
2478 0
2479 0
2480 0
2481 0
2482 0
2483 0
2484 0
2485 0
2486 0
2487 0
2488 0
2489 0
2490 0
2491 0
2492 0
2493 0
2494 0
2495 0
2496 0
2497 0
2498 0
2499 0
2500 0
2501 0
2502 0
2503 0
2504 0
2505 0
2506 0
2507 0
2508 0
2509 0
2510 0
2511 0
2512 0
2513 0
2514 0
2515 0
2516 0
2517 0
2518 0
2519 0
2520 0
2521 0
2522 0
2523 0
2524 0
2525 0
2526 0
2527 0
2528 0
2529 0
2530 0
2531 0
2532 0
2533 0
2534 0
2535 0
2536 0
2537 0
2538 0
2539 0
2540 0
2541 0
2542 0
2543 0
2544 0
2545 0
2546 0
2547 0
2548 0
2549 0
2550 0
2551 0
2552 0
2553 0
2554 0
2555 0
2556 0
2557 0
2558 0
2559 0
2560 0
2561 0
2562 0
2563 0
2564 0
2565 0
2566 0
2567 0
2568 0
2569 0
2570 0
2571 0
2572 0
2573 0
2574 0
2575 0
2576 0
2577 0
2578 0
2579 0
2580 0
2581 0
2582 0
2583 0
2584 0
2585 0
2586 0
2587 0
2588 0
2589 0
2590 0
2591 0
2592 11
2593 11
2594 11
2595 11
2596 12
2597 12
2598 12
2599 12
2600 12
2601 12
2602 12
2603 12
2604 12
2605 12
2606 13
2607 13
2608 13
2609 13
2610 13
2611 13
2612 13
2613 13
2614 13
2615 13
2616 13
2617 14
2618 14
2619 14
2620 14
2621 14
2622 14
2623 14
2624 14
2625 14
2626 14
2627 14
2628 15
2629 15
2630 15
2631 15
2632 15
2633 15
2634 15
2635 15
2636 15
2637 15
2638 16
2639 16
2640 16
2641 16
2642 16
2643 16
2644 16
2645 16
2646 16
2647 16
2648 16
2649 17
2650 17
2651 17
2652 17
2653 17
2654 17
2655 17
2656 17
2657 17
2658 17
2659 17
2660 18
2661 18
2662 18
2663 18
2664 18
2665 18
2666 18
2667 0
2668 0
2669 0
2670 0
2671 0
2672 0
2673 0
2674 0
2675 0
2676 0
2677 0
2678 0
2679 0
2680 0
2681 0
2682 0
2683 0
2684 0
2685 0
2686 0
2687 0
2688 0
2689 0
2690 0
2691 0
2692 0
2693 0
2694 0
2695 0
2696 0
2697 0
2698 0
2699 0
2700 0
2701 0
2702 0
2703 0
2704 0
2705 0
2706 0
2707 0
2708 0
2709 0
2710 0
2711 0
2712 0
2713 0
2714 0
2715 0
2716 0
2717 0
2718 0
2719 0
2720 12
2721 12
2722 12
2723 12
2724 12
2725 13
2726 13
2727 13
2728 13
2729 13
2730 13
2731 13
2732 13
2733 13
2734 13
2735 14
2736 14
2737 14
2738 14
2739 14
2740 14
2741 14
2742 14
2743 14
2744 15
2745 15
2746 15
2747 15
2748 15
2749 15
2750 15
2751 15
2752 15
2753 15
2754 16
2755 16
2756 16
2757 16
2758 16
2759 16
2760 16
2761 16
2762 16
2763 16
2764 17
2765 17
2766 17
2767 17
2768 17
2769 17
2770 17
2771 17
2772 17
2773 18
2774 18
2775 18
2776 18
2777 18
2778 18
2779 18
2780 18
2781 18
2782 18
2783 19
2784 19
2785 19
2786 19
2787 19
2788 19
2789 19
2790 19
2791 19
2792 19
2793 20
2794 20
2795 0
2796 0
2797 0
2798 0
2799 0
2800 0
2801 0
2802 0
2803 0
2804 0
2805 0
2806 0
2807 0
2808 0
2809 0
2810 0
2811 0
2812 0
2813 0
2814 0
2815 0
2816 0
2817 0
2818 0
2819 0
2820 0
2821 0
2822 0
2823 0
2824 0
2825 0
2826 0
2827 0
2828 0
2829 0
2830 0
2831 0
2832 0
2833 0
2834 0
2835 0
2836 0
2837 0
2838 0
2839 0
2840 0
2841 0
2842 0
2843 0
2844 0
2845 0
2846 0
2847 0
2848 14
2849 14
2850 14
2851 14
2852 14
2853 14
2854 14
2855 14
2856 14
2857 15
2858 15
2859 15
2860 15
2861 15
2862 15
2863 15
2864 15
2865 15
2866 15
2867 15
2868 16
2869 16
2870 16
2871 16
2872 16
2873 16
2874 16
2875 16
2876 16
2877 16
2878 16
2879 17
2880 17
2881 17
2882 17
2883 17
2884 17
2885 17
2886 17
2887 17
2888 17
2889 17
2890 17
2891 18
2892 18
2893 18
2894 18
2895 18
2896 18
2897 18
2898 18
2899 18
2900 18
2901 18
2902 19
2903 19
2904 19
2905 19
2906 19
2907 19
2908 19
2909 19
2910 19
2911 19
2912 19
2913 20
2914 20
2915 20
2916 20
2917 20
2918 20
2919 20
2920 20
2921 20
2922 20
2923 0
2924 0
2925 0
2926 0
2927 0
2928 0
2929 0
2930 0
2931 0
2932 0
2933 0
2934 0
2935 0
2936 0
2937 0
2938 0
2939 0
2940 0
2941 0
2942 0
2943 0
2944 0
2945 0
2946 0
2947 0
2948 0
2949 0
2950 0
2951 0
2952 0
2953 0
2954 0
2955 0
2956 0
2957 0
2958 0
2959 0
2960 0
2961 0
2962 0
2963 0
2964 0
2965 0
2966 0
2967 0
2968 0
2969 0
2970 0
2971 0
2972 0
2973 0
2974 0
2975 0
2976 16
2977 16
2978 16
2979 17
2980 17
2981 17
2982 17
2983 17
2984 17
2985 17
2986 17
2987 17
2988 17
2989 17
2990 18
2991 18
2992 18
2993 18
2994 18
2995 18
2996 18
2997 18
2998 18
2999 18
3000 18
3001 19
3002 19
3003 19
3004 19
3005 19
3006 19
3007 19
3008 19
3009 19
3010 19
3011 19
3012 20
3013 20
3014 20
3015 20
3016 20
3017 20
3018 20
3019 20
3020 20
3021 20
3022 20
3023 21
3024 21
3025 21
3026 21
3027 21
3028 21
3029 21
3030 21
3031 21
3032 21
3033 21
3034 21
3035 22
3036 22
3037 22
3038 22
3039 22
3040 22
3041 22
3042 22
3043 22
3044 22
3045 22
3046 23
3047 23
3048 23
3049 23
3050 23
3051 0
3052 0
3053 0
3054 0
3055 0
3056 0
3057 0
3058 0
3059 0
3060 0
3061 0
3062 0
3063 0
3064 0
3065 0
3066 0
3067 0
3068 0
3069 0
3070 0
3071 0
3072 0
3073 0
3074 0
3075 0
3076 0
3077 0
3078 0
3079 0
3080 0
3081 0
3082 0
3083 0
3084 0
3085 0
3086 0
3087 0
3088 0
3089 0
3090 0
3091 0
3092 0
3093 0
3094 0
3095 0
3096 0
3097 0
3098 0
3099 0
3100 0
3101 0
3102 0
3103 0
3104 18
3105 18
3106 18
3107 18
3108 18
3109 18
3110 18
3111 19
3112 19
3113 19
3114 19
3115 19
3116 19
3117 19
3118 19
3119 20
3120 20
3121 20
3122 20
3123 20
3124 20
3125 20
3126 20
3127 21
3128 21
3129 21
3130 21
3131 21
3132 21
3133 21
3134 21
3135 22
3136 22
3137 22
3138 22
3139 22
3140 22
3141 22
3142 22
3143 22
3144 23
3145 23
3146 23
3147 23
3148 23
3149 23
3150 23
3151 23
3152 24
3153 24
3154 24
3155 24
3156 24
3157 24
3158 24
3159 24
3160 25
3161 25
3162 25
3163 25
3164 25
3165 25
3166 25
3167 25
3168 26
3169 26
3170 26
3171 26
3172 26
3173 26
3174 26
3175 26
3176 27
3177 27
3178 27
3179 0
3180 0
3181 0
3182 0
3183 0
3184 0
3185 0
3186 0
3187 0
3188 0
3189 0
3190 0
3191 0
3192 0
3193 0
3194 0
3195 0
3196 0
3197 0
3198 0
3199 0
3200 0
3201 0
3202 0
3203 0
3204 0
3205 0
3206 0
3207 0
3208 0
3209 0
3210 0
3211 0
3212 0
3213 0
3214 0
3215 0
3216 0
3217 0
3218 0
3219 0
3220 0
3221 0
3222 0
3223 0
3224 0
3225 0
3226 0
3227 0
3228 0
3229 0
3230 0
3231 0
3232 26
3233 26
3234 25
3235 25
3236 25
3237 25
3238 25
3239 25
3240 25
3241 25
3242 25
3243 25
3244 24
3245 24
3246 24
3247 24
3248 24
3249 24
3250 24
3251 24
3252 24
3253 24
3254 23
3255 23
3256 23
3257 23
3258 23
3259 23
3260 23
3261 23
3262 23
3263 23
3264 23
3265 22
3266 22
3267 22
3268 22
3269 22
3270 22
3271 22
3272 22
3273 22
3274 22
3275 21
3276 21
3277 21
3278 21
3279 21
3280 21
3281 21
3282 21
3283 21
3284 21
3285 20
3286 20
3287 20
3288 20
3289 20
3290 20
3291 20
3292 20
3293 20
3294 20
3295 20
3296 19
3297 19
3298 19
3299 19
3300 19
3301 19
3302 19
3303 19
3304 19
3305 19
3306 18
3307 0
3308 0
3309 0
3310 0
3311 0
3312 0
3313 0
3314 0
3315 0
3316 0
3317 0
3318 0
3319 0
3320 0
3321 0
3322 0
3323 0
3324 0
3325 0
3326 0
3327 0
3328 0
3329 0
3330 0
3331 0
3332 0
3333 0
3334 0
3335 0
3336 0
3337 0
3338 0
3339 0
3340 0
3341 0
3342 0
3343 0
3344 0
3345 0
3346 0
3347 0
3348 0
3349 0
3350 0
3351 0
3352 0
3353 0
3354 0
3355 0
3356 0
3357 0
3358 0
3359 0
3360 0
3361 0
3362 0
3363 0
3364 0
3365 0
3366 0
3367 0
3368 0
3369 0
3370 0
3371 0
3372 0
3373 0
3374 0
3375 0
3376 0
3377 0
3378 0
3379 0
3380 0
3381 0
3382 0
3383 0
3384 0
3385 0
3386 0
3387 0
3388 0
3389 0
3390 0
3391 0
3392 0
3393 0
3394 0
3395 0
3396 0
3397 0
3398 0
3399 0
3400 0
3401 0
3402 0
3403 0
3404 0
3405 0
3406 0
3407 0
3408 0
3409 0
3410 0
3411 0
3412 0
3413 0
3414 0
3415 0
3416 0
3417 0
3418 0
3419 0
3420 0
3421 0
3422 0
3423 0
3424 0
3425 0
3426 0
3427 0
3428 0
3429 0
3430 0
3431 0
3432 0
3433 0
3434 0
3435 0
3436 0
3437 0
3438 0
3439 0
3440 0
3441 0
3442 0
3443 0
3444 0
3445 0
3446 0
3447 0
3448 0
3449 0
3450 0
3451 0
3452 0
3453 0
3454 0
3455 0
3456 0
3457 0
3458 0
3459 0
3460 0
3461 0
3462 0
3463 0
3464 0
3465 0
3466 0
3467 0
3468 0
3469 0
3470 0
3471 0
3472 0
3473 0
3474 0
3475 0
3476 0
3477 0
3478 0
3479 0
3480 0
3481 0
3482 0
3483 0
3484 0
3485 0
3486 0
3487 0
3488 0
3489 0
3490 0
3491 0
3492 0
3493 0
3494 0
3495 0
3496 0
3497 0
3498 0
3499 0
3500 0
3501 0
3502 0
3503 0
3504 0
3505 0
3506 0
3507 0
3508 0
3509 0
3510 0
3511 0
3512 0
3513 0
3514 0
3515 0
3516 0
3517 0
3518 0
3519 0
3520 0
3521 0
3522 0
3523 0
3524 0
3525 0
3526 0
3527 0
3528 0
3529 0
3530 0
3531 0
3532 0
3533 0
3534 0
3535 0
3536 0
3537 0
3538 0
3539 0
3540 0
3541 0
3542 0
3543 0
3544 0
3545 0
3546 0
3547 0
3548 0
3549 0
3550 0
3551 0
3552 0
3553 0
3554 0
3555 0
3556 0
3557 0
3558 0
3559 0
3560 0
3561 0
3562 0
3563 0
3564 0
3565 0
3566 0
3567 0
3568 0
3569 0
3570 0
3571 0
3572 0
3573 0
3574 0
3575 0
3576 0
3577 0
3578 0
3579 0
3580 0
3581 0
3582 0
3583 0
3584 0
3585 0
3586 0
3587 0
3588 0
3589 0
3590 0
3591 0
3592 0
3593 0
3594 0
3595 0
3596 0
3597 0
3598 0
3599 0
3600 0
3601 0
3602 0
3603 0
3604 0
3605 0
3606 0
3607 0
3608 0
3609 0
3610 0
3611 0
3612 0
3613 0
3614 0
3615 0
3616 9
3617 9
3618 9
3619 9
3620 9
3621 10
3622 10
3623 10
3624 10
3625 10
3626 10
3627 10
3628 10
3629 10
3630 10
3631 11
3632 11
3633 11
3634 11
3635 11
3636 11
3637 11
3638 11
3639 11
3640 12
3641 12
3642 12
3643 12
3644 12
3645 12
3646 12
3647 12
3648 12
3649 12
3650 13
3651 13
3652 13
3653 13
3654 13
3655 13
3656 13
3657 13
3658 13
3659 13
3660 14
3661 14
3662 14
3663 14
3664 14
3665 14
3666 14
3667 14
3668 14
3669 14
3670 15
3671 15
3672 15
3673 15
3674 15
3675 15
3676 15
3677 15
3678 15
3679 16
3680 16
3681 16
3682 16
3683 16
3684 16
3685 16
3686 16
3687 16
3688 16
3689 17
3690 17
3691 0
3692 0
3693 0
3694 0
3695 0
3696 0
3697 0
3698 0
3699 0
3700 0
3701 0
3702 0
3703 0
3704 0
3705 0
3706 0
3707 0
3708 0
3709 0
3710 0
3711 0
3712 0
3713 0
3714 0
3715 0
3716 0
3717 0
3718 0
3719 0
3720 0
3721 0
3722 0
3723 0
3724 0
3725 0
3726 0
3727 0
3728 0
3729 0
3730 0
3731 0
3732 0
3733 0
3734 0
3735 0
3736 0
3737 0
3738 0
3739 0
3740 0
3741 0
3742 0
3743 0
3744 11
3745 11
3746 11
3747 11
3748 11
3749 12
3750 12
3751 12
3752 12
3753 12
3754 12
3755 12
3756 12
3757 12
3758 12
3759 13
3760 13
3761 13
3762 13
3763 13
3764 13
3765 13
3766 13
3767 13
3768 14
3769 14
3770 14
3771 14
3772 14
3773 14
3774 14
3775 14
3776 14
3777 15
3778 15
3779 15
3780 15
3781 15
3782 15
3783 15
3784 15
3785 15
3786 15
3787 16
3788 16
3789 16
3790 16
3791 16
3792 16
3793 16
3794 16
3795 16
3796 17
3797 17
3798 17
3799 17
3800 17
3801 17
3802 17
3803 17
3804 17
3805 17
3806 18
3807 18
3808 18
3809 18
3810 18
3811 18
3812 18
3813 18
3814 18
3815 19
3816 19
3817 19
3818 19
3819 0
3820 0
3821 0
3822 0
3823 0
3824 0
3825 0
3826 0
3827 0
3828 0
3829 0
3830 0
3831 0
3832 0
3833 0
3834 0
3835 0
3836 0
3837 0
3838 0
3839 0
3840 0
3841 0
3842 0
3843 0
3844 0
3845 0
3846 0
3847 0
3848 0
3849 0
3850 0
3851 0
3852 0
3853 0
3854 0
3855 0
3856 0
3857 0
3858 0
3859 0
3860 0
3861 0
3862 0
3863 0
3864 0
3865 0
3866 0
3867 0
3868 0
3869 0
3870 0
3871 0
3872 13
3873 13
3874 13
3875 13
3876 13
3877 13
3878 13
3879 14
3880 14
3881 14
3882 14
3883 14
3884 14
3885 14
3886 14
3887 14
3888 14
3889 14
3890 14
3891 14
3892 14
3893 14
3894 14
3895 15
3896 15
3897 15
3898 15
3899 15
3900 15
3901 15
3902 15
3903 15
3904 15
3905 15
3906 15
3907 15
3908 15
3909 15
3910 15
3911 15
3912 16
3913 16
3914 16
3915 16
3916 16
3917 16
3918 16
3919 16
3920 16
3921 16
3922 16
3923 16
3924 16
3925 16
3926 16
3927 16
3928 17
3929 17
3930 17
3931 17
3932 17
3933 17
3934 17
3935 17
3936 17
3937 17
3938 17
3939 17
3940 17
3941 17
3942 17
3943 17
3944 17
3945 18
3946 18
3947 0
3948 0
3949 0
3950 0
3951 0
3952 0
3953 0
3954 0
3955 0
3956 0
3957 0
3958 0
3959 0
3960 0
3961 0
3962 0
3963 0
3964 0
3965 0
3966 0
3967 0
3968 0
3969 0
3970 0
3971 0
3972 0
3973 0
3974 0
3975 0
3976 0
3977 0
3978 0
3979 0
3980 0
3981 0
3982 0
3983 0
3984 0
3985 0
3986 0
3987 0
3988 0
3989 0
3990 0
3991 0
3992 0
3993 0
3994 0
3995 0
3996 0
3997 0
3998 0
3999 0
4000 14
4001 14
4002 14
4003 15
4004 15
4005 15
4006 15
4007 15
4008 15
4009 16
4010 16
4011 16
4012 16
4013 16
4014 16
4015 17
4016 17
4017 17
4018 17
4019 17
4020 18
4021 18
4022 18
4023 18
4024 18
4025 18
4026 19
4027 19
4028 19
4029 19
4030 19
4031 19
4032 20
4033 20
4034 20
4035 20
4036 20
4037 20
4038 21
4039 21
4040 21
4041 21
4042 21
4043 21
4044 22
4045 22
4046 22
4047 22
4048 22
4049 23
4050 23
4051 23
4052 23
4053 23
4054 23
4055 24
4056 24
4057 24
4058 24
4059 24
4060 24
4061 25
4062 25
4063 25
4064 25
4065 25
4066 25
4067 26
4068 26
4069 26
4070 26
4071 26
4072 26
4073 27
4074 27
4075 0
4076 0
4077 0
4078 0
4079 0
4080 0
4081 0
4082 0
4083 0
4084 0
4085 0
4086 0
4087 0
4088 0
4089 0
4090 0
4091 0
4092 0
4093 0
4094 0
4095 0
4096 0
4097 0
4098 0
4099 0
4100 0
4101 0
4102 0
4103 0
4104 0
4105 0
4106 0
4107 0
4108 0
4109 0
4110 0
4111 0
4112 0
4113 0
4114 0
4115 0
4116 0
4117 0
4118 0
4119 0
4120 0
4121 0
4122 0
4123 0
4124 0
4125 0
4126 0
4127 0
4128 19
4129 19
4130 19
4131 19
4132 19
4133 19
4134 19
4135 19
4136 19
4137 19
4138 19
4139 19
4140 19
4141 19
4142 19
4143 19
4144 19
4145 19
4146 19
4147 19
4148 19
4149 19
4150 19
4151 19
4152 19
4153 19
4154 19
4155 20
4156 20
4157 20
4158 20
4159 20
4160 20
4161 20
4162 20
4163 20
4164 20
4165 20
4166 20
4167 20
4168 20
4169 20
4170 20
4171 20
4172 20
4173 20
4174 20
4175 20
4176 20
4177 20
4178 20
4179 20
4180 20
4181 20
4182 20
4183 20
4184 20
4185 20
4186 20
4187 20
4188 20
4189 21
4190 21
4191 21
4192 21
4193 21
4194 21
4195 21
4196 21
4197 21
4198 21
4199 21
4200 21
4201 21
4202 21
4203 0
4204 0
4205 0
4206 0
4207 0
4208 0
4209 0
4210 0
4211 0
4212 0
4213 0
4214 0
4215 0
4216 0
4217 0
4218 0
4219 0
4220 0
4221 0
4222 0
4223 0
4224 0
4225 0
4226 0
4227 0
4228 0
4229 0
4230 0
4231 0
4232 0
4233 0
4234 0
4235 0
4236 0
4237 0
4238 0
4239 0
4240 0
4241 0
4242 0
4243 0
4244 0
4245 0
4246 0
4247 0
4248 0
4249 0
4250 0
4251 0
4252 0
4253 0
4254 0
4255 0
4256 24
4257 24
4258 24
4259 24
4260 24
4261 24
4262 24
4263 24
4264 24
4265 24
4266 24
4267 24
4268 24
4269 24
4270 24
4271 24
4272 24
4273 24
4274 25
4275 25
4276 25
4277 25
4278 25
4279 25
4280 25
4281 25
4282 25
4283 25
4284 25
4285 25
4286 25
4287 25
4288 25
4289 25
4290 25
4291 25
4292 25
4293 25
4294 25
4295 25
4296 25
4297 25
4298 25
4299 25
4300 25
4301 25
4302 25
4303 25
4304 25
4305 25
4306 25
4307 25
4308 26
4309 26
4310 26
4311 26
4312 26
4313 26
4314 26
4315 26
4316 26
4317 26
4318 26
4319 26
4320 26
4321 26
4322 26
4323 26
4324 26
4325 26
4326 26
4327 26
4328 26
4329 26
4330 26
4331 0
4332 0
4333 0
4334 0
4335 0
4336 0
4337 0
4338 0
4339 0
4340 0
4341 0
4342 0
4343 0
4344 0
4345 0
4346 0
4347 0
4348 0
4349 0
4350 0
4351 0
4352 0
4353 0
4354 0
4355 0
4356 0
4357 0
4358 0
4359 0
4360 0
4361 0
4362 0
4363 0
4364 0
4365 0
4366 0
4367 0
4368 0
4369 0
4370 0
4371 0
4372 0
4373 0
4374 0
4375 0
4376 0
4377 0
4378 0
4379 0
4380 0
4381 0
4382 0
4383 0
4384 0
4385 0
4386 0
4387 0
4388 0
4389 0
4390 0
4391 0
4392 0
4393 0
4394 0
4395 0
4396 0
4397 0
4398 0
4399 0
4400 0
4401 0
4402 0
4403 0
4404 0
4405 0
4406 0
4407 0
4408 0
4409 0
4410 0
4411 0
4412 0
4413 0
4414 0
4415 0
4416 0
4417 0
4418 0
4419 0
4420 0
4421 0
4422 0
4423 0
4424 0
4425 0
4426 0
4427 0
4428 0
4429 0
4430 0
4431 0
4432 0
4433 0
4434 0
4435 0
4436 0
4437 0
4438 0
4439 0
4440 0
4441 0
4442 0
4443 0
4444 0
4445 0
4446 0
4447 0
4448 0
4449 0
4450 0
4451 0
4452 0
4453 0
4454 0
4455 0
4456 0
4457 0
4458 0
4459 0
4460 0
4461 0
4462 0
4463 0
4464 0
4465 0
4466 0
4467 0
4468 0
4469 0
4470 0
4471 0
4472 0
4473 0
4474 0
4475 0
4476 0
4477 0
4478 0
4479 0
4480 0
4481 0
4482 0
4483 0
4484 0
4485 0
4486 0
4487 0
4488 0
4489 0
4490 0
4491 0
4492 0
4493 0
4494 0
4495 0
4496 0
4497 0
4498 0
4499 0
4500 0
4501 0
4502 0
4503 0
4504 0
4505 0
4506 0
4507 0
4508 0
4509 0
4510 0
4511 0
4512 0
4513 0
4514 0
4515 0
4516 0
4517 0
4518 0
4519 0
4520 0
4521 0
4522 0
4523 0
4524 0
4525 0
4526 0
4527 0
4528 0
4529 0
4530 0
4531 0
4532 0
4533 0
4534 0
4535 0
4536 0
4537 0
4538 0
4539 0
4540 0
4541 0
4542 0
4543 0
4544 0
4545 0
4546 0
4547 0
4548 0
4549 0
4550 0
4551 0
4552 0
4553 0
4554 0
4555 0
4556 0
4557 0
4558 0
4559 0
4560 0
4561 0
4562 0
4563 0
4564 0
4565 0
4566 0
4567 0
4568 0
4569 0
4570 0
4571 0
4572 0
4573 0
4574 0
4575 0
4576 0
4577 0
4578 0
4579 0
4580 0
4581 0
4582 0
4583 0
4584 0
4585 0
4586 0
4587 0
4588 0
4589 0
4590 0
4591 0
4592 0
4593 0
4594 0
4595 0
4596 0
4597 0
4598 0
4599 0
4600 0
4601 0
4602 0
4603 0
4604 0
4605 0
4606 0
4607 0
4608 0
4609 0
4610 0
4611 0
4612 0
4613 0
4614 0
4615 0
4616 0
4617 0
4618 0
4619 0
4620 0
4621 0
4622 0
4623 0
4624 0
4625 0
4626 0
4627 0
4628 0
4629 0
4630 0
4631 0
4632 0
4633 0
4634 0
4635 0
4636 0
4637 0
4638 0
4639 0
4640 10
4641 10
4642 10
4643 10
4644 10
4645 10
4646 11
4647 11
4648 11
4649 11
4650 11
4651 11
4652 12
4653 12
4654 12
4655 12
4656 12
4657 12
4658 13
4659 13
4660 13
4661 13
4662 13
4663 13
4664 14
4665 14
4666 14
4667 14
4668 14
4669 14
4670 15
4671 15
4672 15
4673 15
4674 15
4675 15
4676 16
4677 16
4678 16
4679 16
4680 16
4681 16
4682 17
4683 17
4684 17
4685 17
4686 17
4687 17
4688 18
4689 18
4690 18
4691 18
4692 18
4693 18
4694 19
4695 19
4696 19
4697 19
4698 19
4699 19
4700 19
4701 20
4702 20
4703 20
4704 20
4705 20
4706 20
4707 21
4708 21
4709 21
4710 21
4711 21
4712 21
4713 22
4714 22
4715 0
4716 0
4717 0
4718 0
4719 0
4720 0
4721 0
4722 0
4723 0
4724 0
4725 0
4726 0
4727 0
4728 0
4729 0
4730 0
4731 0
4732 0
4733 0
4734 0
4735 0
4736 0
4737 0
4738 0
4739 0
4740 0
4741 0
4742 0
4743 0
4744 0
4745 0
4746 0
4747 0
4748 0
4749 0
4750 0
4751 0
4752 0
4753 0
4754 0
4755 0
4756 0
4757 0
4758 0
4759 0
4760 0
4761 0
4762 0
4763 0
4764 0
4765 0
4766 0
4767 0
4768 12
4769 12
4770 12
4771 12
4772 12
4773 12
4774 13
4775 13
4776 13
4777 13
4778 13
4779 13
4780 14
4781 14
4782 14
4783 14
4784 14
4785 14
4786 15
4787 15
4788 15
4789 15
4790 15
4791 15
4792 16
4793 16
4794 16
4795 16
4796 16
4797 16
4798 17
4799 17
4800 17
4801 17
4802 17
4803 17
4804 18
4805 18
4806 18
4807 18
4808 18
4809 18
4810 18
4811 19
4812 19
4813 19
4814 19
4815 19
4816 19
4817 20
4818 20
4819 20
4820 20
4821 20
4822 20
4823 21
4824 21
4825 21
4826 21
4827 21
4828 21
4829 22
4830 22
4831 22
4832 22
4833 22
4834 22
4835 23
4836 23
4837 23
4838 23
4839 23
4840 23
4841 24
4842 24
4843 0
4844 0
4845 0
4846 0
4847 0
4848 0
4849 0
4850 0
4851 0
4852 0
4853 0
4854 0
4855 0
4856 0
4857 0
4858 0
4859 0
4860 0
4861 0
4862 0
4863 0
4864 0
4865 0
4866 0
4867 0
4868 0
4869 0
4870 0
4871 0
4872 0
4873 0
4874 0
4875 0
4876 0
4877 0
4878 0
4879 0
4880 0
4881 0
4882 0
4883 0
4884 0
4885 0
4886 0
4887 0
4888 0
4889 0
4890 0
4891 0
4892 0
4893 0
4894 0
4895 0
4896 13
4897 13
4898 13
4899 13
4900 14
4901 14
4902 14
4903 14
4904 15
4905 15
4906 15
4907 15
4908 16
4909 16
4910 16
4911 16
4912 16
4913 17
4914 17
4915 17
4916 17
4917 18
4918 18
4919 18
4920 18
4921 18
4922 19
4923 19
4924 19
4925 19
4926 20
4927 20
4928 20
4929 20
4930 21
4931 21
4932 21
4933 21
4934 21
4935 22
4936 22
4937 22
4938 22
4939 23
4940 23
4941 23
4942 23
4943 23
4944 24
4945 24
4946 24
4947 24
4948 25
4949 25
4950 25
4951 25
4952 26
4953 26
4954 26
4955 26
4956 26
4957 27
4958 27
4959 27
4960 27
4961 28
4962 28
4963 28
4964 28
4965 29
4966 29
4967 29
4968 29
4969 29
4970 30
4971 0
4972 0
4973 0
4974 0
4975 0
4976 0
4977 0
4978 0
4979 0
4980 0
4981 0
4982 0
4983 0
4984 0
4985 0
4986 0
4987 0
4988 0
4989 0
4990 0
4991 0
4992 0
4993 0
4994 0
4995 0
4996 0
4997 0
4998 0
4999 0
5000 0
5001 0
5002 0
5003 0
5004 0
5005 0
5006 0
5007 0
5008 0
5009 0
5010 0
5011 0
5012 0
5013 0
5014 0
5015 0
5016 0
5017 0
5018 0
5019 0
5020 0
5021 0
5022 0
5023 0
5024 17
5025 17
5026 17
5027 18
5028 18
5029 18
5030 18
5031 18
5032 18
5033 19
5034 19
5035 19
5036 19
5037 19
5038 19
5039 20
5040 20
5041 20
5042 20
5043 20
5044 20
5045 21
5046 21
5047 21
5048 21
5049 21
5050 21
5051 22
5052 22
5053 22
5054 22
5055 22
5056 22
5057 23
5058 23
5059 23
5060 23
5061 23
5062 23
5063 24
5064 24
5065 24
5066 24
5067 24
5068 24
5069 25
5070 25
5071 25
5072 25
5073 25
5074 25
5075 25
5076 26
5077 26
5078 26
5079 26
5080 26
5081 26
5082 27
5083 27
5084 27
5085 27
5086 27
5087 27
5088 28
5089 28
5090 28
5091 28
5092 28
5093 28
5094 29
5095 29
5096 29
5097 29
5098 29
5099 0
5100 0
5101 0
5102 0
5103 0
5104 0
5105 0
5106 0
5107 0
5108 0
5109 0
5110 0
5111 0
5112 0
5113 0
5114 0
5115 0
5116 0
5117 0
5118 0
5119 0
5120 0
5121 0
5122 0
5123 0
5124 0
5125 0
5126 0
5127 0
5128 0
5129 0
5130 0
5131 0
5132 0
5133 0
5134 0
5135 0
5136 0
5137 0
5138 0
5139 0
5140 0
5141 0
5142 0
5143 0
5144 0
5145 0
5146 0
5147 0
5148 0
5149 0
5150 0
5151 0
5152 17
5153 17
5154 17
5155 17
5156 18
5157 18
5158 18
5159 19
5160 19
5161 19
5162 19
5163 20
5164 20
5165 20
5166 20
5167 21
5168 21
5169 21
5170 22
5171 22
5172 22
5173 22
5174 23
5175 23
5176 23
5177 23
5178 24
5179 24
5180 24
5181 25
5182 25
5183 25
5184 25
5185 26
5186 26
5187 26
5188 26
5189 27
5190 27
5191 27
5192 28
5193 28
5194 28
5195 28
5196 29
5197 29
5198 29
5199 29
5200 30
5201 30
5202 30
5203 31
5204 31
5205 31
5206 31
5207 32
5208 32
5209 32
5210 32
5211 33
5212 33
5213 33
5214 33
5215 34
5216 34
5217 34
5218 35
5219 35
5220 35
5221 35
5222 36
5223 36
5224 36
5225 36
5226 37
5227 0
5228 0
5229 0
5230 0
5231 0
5232 0
5233 0
5234 0
5235 0
5236 0
5237 0
5238 0
5239 0
5240 0
5241 0
5242 0
5243 0
5244 0
5245 0
5246 0
5247 0
5248 0
5249 0
5250 0
5251 0
5252 0
5253 0
5254 0
5255 0
5256 0
5257 0
5258 0
5259 0
5260 0
5261 0
5262 0
5263 0
5264 0
5265 0
5266 0
5267 0
5268 0
5269 0
5270 0
5271 0
5272 0
5273 0
5274 0
5275 0
5276 0
5277 0
5278 0
5279 0
5280 26
5281 26
5282 26
5283 26
5284 27
5285 27
5286 27
5287 27
5288 27
5289 27
5290 27
5291 27
5292 27
5293 28
5294 28
5295 28
5296 28
5297 28
5298 28
5299 28
5300 28
5301 28
5302 28
5303 29
5304 29
5305 29
5306 29
5307 29
5308 29
5309 29
5310 29
5311 29
5312 30
5313 30
5314 30
5315 30
5316 30
5317 30
5318 30
5319 30
5320 30
5321 30
5322 31
5323 31
5324 31
5325 31
5326 31
5327 31
5328 31
5329 31
5330 31
5331 32
5332 32
5333 32
5334 32
5335 32
5336 32
5337 32
5338 32
5339 32
5340 32
5341 33
5342 33
5343 33
5344 33
5345 33
5346 33
5347 33
5348 33
5349 33
5350 34
5351 34
5352 34
5353 34
5354 34
5355 0
5356 0
5357 0
5358 0
5359 0
5360 0
5361 0
5362 0
5363 0
5364 0
5365 0
5366 0
5367 0
5368 0
5369 0
5370 0
5371 0
5372 0
5373 0
5374 0
5375 0
5376 0
5377 0
5378 0
5379 0
5380 0
5381 0
5382 0
5383 0
5384 0
5385 0
5386 0
5387 0
5388 0
5389 0
5390 0
5391 0
5392 0
5393 0
5394 0
5395 0
5396 0
5397 0
5398 0
5399 0
5400 0
5401 0
5402 0
5403 0
5404 0
5405 0
5406 0
5407 0
5408 0
5409 0
5410 0
5411 0
5412 0
5413 0
5414 0
5415 0
5416 0
5417 0
5418 0
5419 0
5420 0
5421 0
5422 0
5423 0
5424 0
5425 0
5426 0
5427 0
5428 0
5429 0
5430 0
5431 0
5432 0
5433 0
5434 0
5435 0
5436 0
5437 0
5438 0
5439 0
5440 0
5441 0
5442 0
5443 0
5444 0
5445 0
5446 0
5447 0
5448 0
5449 0
5450 0
5451 0
5452 0
5453 0
5454 0
5455 0
5456 0
5457 0
5458 0
5459 0
5460 0
5461 0
5462 0
5463 0
5464 0
5465 0
5466 0
5467 0
5468 0
5469 0
5470 0
5471 0
5472 0
5473 0
5474 0
5475 0
5476 0
5477 0
5478 0
5479 0
5480 0
5481 0
5482 0
5483 0
5484 0
5485 0
5486 0
5487 0
5488 0
5489 0
5490 0
5491 0
5492 0
5493 0
5494 0
5495 0
5496 0
5497 0
5498 0
5499 0
5500 0
5501 0
5502 0
5503 0
5504 0
5505 0
5506 0
5507 0
5508 0
5509 0
5510 0
5511 0
5512 0
5513 0
5514 0
5515 0
5516 0
5517 0
5518 0
5519 0
5520 0
5521 0
5522 0
5523 0
5524 0
5525 0
5526 0
5527 0
5528 0
5529 0
5530 0
5531 0
5532 0
5533 0
5534 0
5535 0
5536 0
5537 0
5538 0
5539 0
5540 0
5541 0
5542 0
5543 0
5544 0
5545 0
5546 0
5547 0
5548 0
5549 0
5550 0
5551 0
5552 0
5553 0
5554 0
5555 0
5556 0
5557 0
5558 0
5559 0
5560 0
5561 0
5562 0
5563 0
5564 0
5565 0
5566 0
5567 0
5568 0
5569 0
5570 0
5571 0
5572 0
5573 0
5574 0
5575 0
5576 0
5577 0
5578 0
5579 0
5580 0
5581 0
5582 0
5583 0
5584 0
5585 0
5586 0
5587 0
5588 0
5589 0
5590 0
5591 0
5592 0
5593 0
5594 0
5595 0
5596 0
5597 0
5598 0
5599 0
5600 0
5601 0
5602 0
5603 0
5604 0
5605 0
5606 0
5607 0
5608 0
5609 0
5610 0
5611 0
5612 0
5613 0
5614 0
5615 0
5616 0
5617 0
5618 0
5619 0
5620 0
5621 0
5622 0
5623 0
5624 0
5625 0
5626 0
5627 0
5628 0
5629 0
5630 0
5631 0
5632 0
5633 0
5634 0
5635 0
5636 0
5637 0
5638 0
5639 0
5640 0
5641 0
5642 0
5643 0
5644 0
5645 0
5646 0
5647 0
5648 0
5649 0
5650 0
5651 0
5652 0
5653 0
5654 0
5655 0
5656 0
5657 0
5658 0
5659 0
5660 0
5661 0
5662 0
5663 0
