# LUT for tau iso WP 90
# a compression block is followed by the LUT content
# LUT content is structured an eta-Et-nTT structure
#<header> V1 13 9 </header>
0 0
1 0
2 0
3 0
4 0
5 0
6 0
7 0
8 0
9 0
10 0
11 0
12 0
13 0
14 0
15 0
16 1
17 1
18 1
19 2
20 2
21 2
22 3
23 3
24 3
25 3
26 3
27 3
28 3
29 3
30 3
31 3
32 0
33 0
34 0
35 0
36 0
37 0
38 0
39 0
40 0
41 0
42 0
43 0
44 0
45 0
46 0
47 0
48 0
49 0
50 0
51 0
52 0
53 0
54 0
55 0
56 0
57 0
58 0
59 0
60 0
61 0
62 0
63 0
64 0
65 0
66 0
67 0
68 0
69 0
70 0
71 0
72 0
73 0
74 0
75 0
76 0
77 0
78 0
79 0
80 0
81 0
82 0
83 0
84 0
85 0
86 0
87 0
88 0
89 0
90 0
91 0
92 1
93 1
94 1
95 1
96 1
97 1
98 1
99 1
100 1
101 1
102 1
103 1
104 1
105 1
106 1
107 1
108 1
109 1
110 1
111 1
112 1
113 1
114 1
115 1
116 1
117 1
118 1
119 1
120 1
121 1
122 1
123 1
124 1
125 1
126 1
127 1
128 1
129 1
130 1
131 1
132 2
133 2
134 2
135 2
136 2
137 2
138 2
139 2
140 2
141 2
142 2
143 2
144 2
145 2
146 2
147 2
148 2
149 2
150 2
151 2
152 2
153 2
154 2
155 2
156 2
157 2
158 2
159 2
160 2
161 2
162 2
163 2
164 2
165 2
166 2
167 2
168 2
169 2
170 2
171 2
172 3
173 3
174 3
175 3
176 3
177 3
178 3
179 3
180 3
181 3
182 3
183 3
184 3
185 3
186 3
187 3
188 3
189 3
190 3
191 3
192 3
193 3
194 3
195 3
196 3
197 3
198 3
199 3
200 3
201 3
202 3
203 3
204 3
205 3
206 3
207 3
208 3
209 3
210 3
211 3
212 4
213 4
214 4
215 4
216 4
217 4
218 4
219 4
220 4
221 4
222 4
223 4
224 4
225 4
226 4
227 4
228 4
229 4
230 4
231 4
232 4
233 4
234 4
235 4
236 4
237 4
238 4
239 4
240 4
241 4
242 4
243 4
244 4
245 4
246 4
247 4
248 4
249 4
250 4
251 4
252 5
253 5
254 5
255 5
256 5
257 5
258 5
259 5
260 5
261 5
262 5
263 5
264 5
265 5
266 5
267 5
268 5
269 5
270 5
271 5
272 5
273 5
274 5
275 5
276 5
277 5
278 5
279 5
280 5
281 5
282 5
283 5
284 5
285 5
286 5
287 5
288 5
289 5
290 5
291 5
292 5
293 5
294 5
295 5
296 5
297 5
298 5
299 5
300 5
301 5
302 5
303 5
304 5
305 5
306 5
307 5
308 5
309 5
310 5
311 5
312 5
313 5
314 5
315 5
316 5
317 5
318 5
319 5
320 5
321 5
322 5
323 5
324 5
325 5
326 5
327 5
328 5
329 5
330 5
331 5
332 5
333 5
334 5
335 5
336 5
337 5
338 5
339 5
340 5
341 5
342 5
343 5
344 5
345 5
346 5
347 5
348 5
349 5
350 5
351 5
352 5
353 5
354 5
355 5
356 5
357 5
358 5
359 5
360 5
361 5
362 5
363 5
364 5
365 5
366 5
367 5
368 5
369 5
370 5
371 5
372 5
373 5
374 5
375 5
376 5
377 5
378 5
379 5
380 5
381 5
382 5
383 5
384 5
385 5
386 5
387 5
388 5
389 5
390 5
391 5
392 5
393 5
394 5
395 5
396 5
397 5
398 5
399 5
400 5
401 5
402 5
403 5
404 5
405 5
406 5
407 5
408 5
409 5
410 5
411 5
412 5
413 5
414 5
415 5
416 5
417 5
418 5
419 5
420 5
421 5
422 5
423 5
424 5
425 5
426 5
427 5
428 5
429 5
430 5
431 5
432 5
433 5
434 5
435 5
436 5
437 5
438 5
439 5
440 5
441 5
442 5
443 5
444 5
445 5
446 5
447 5
448 5
449 5
450 5
451 5
452 5
453 5
454 5
455 5
456 5
457 5
458 5
459 5
460 5
461 5
462 5
463 5
464 5
465 5
466 5
467 5
468 5
469 5
470 5
471 5
472 5
473 5
474 5
475 5
476 5
477 5
478 5
479 5
480 5
481 5
482 5
483 5
484 5
485 5
486 5
487 5
488 5
489 5
490 5
491 5
492 5
493 5
494 5
495 5
496 5
497 5
498 5
499 5
500 5
501 5
502 5
503 5
504 5
505 5
506 5
507 5
508 5
509 5
510 5
511 5
512 5
513 5
514 5
515 5
516 5
517 5
518 5
519 5
520 5
521 5
522 5
523 5
524 5
525 5
526 5
527 5
528 5
529 5
530 5
531 5
532 5
533 5
534 5
535 5
536 5
537 5
538 5
539 5
540 5
541 5
542 5
543 5
544 0
545 0
546 1
547 1
548 2
549 2
550 3
551 3
552 4
553 4
554 5
555 5
556 6
557 6
558 7
559 7
560 8
561 8
562 9
563 9
564 10
565 10
566 11
567 11
568 12
569 12
570 13
571 13
572 14
573 14
574 15
575 15
576 16
577 16
578 17
579 17
580 18
581 18
582 19
583 19
584 20
585 20
586 21
587 21
588 22
589 22
590 23
591 23
592 24
593 24
594 25
595 25
596 26
597 26
598 27
599 27
600 28
601 28
602 29
603 29
604 30
605 30
606 31
607 31
608 32
609 32
610 33
611 33
612 34
613 34
614 35
615 35
616 36
617 36
618 37
619 37
620 38
621 38
622 39
623 39
624 40
625 40
626 41
627 41
628 42
629 42
630 43
631 43
632 44
633 44
634 45
635 45
636 46
637 46
638 47
639 47
640 48
641 48
642 49
643 49
644 50
645 50
646 51
647 51
648 52
649 52
650 53
651 53
652 54
653 54
654 55
655 55
656 56
657 56
658 57
659 57
660 58
661 58
662 59
663 59
664 60
665 60
666 61
667 61
668 62
669 62
670 63
671 63
672 64
673 64
674 65
675 65
676 66
677 66
678 67
679 67
680 68
681 68
682 69
683 69
684 70
685 70
686 71
687 71
688 72
689 72
690 73
691 73
692 74
693 74
694 74
695 74
696 74
697 74
698 74
699 74
700 74
701 74
702 74
703 74
704 74
705 74
706 74
707 74
708 74
709 74
710 74
711 74
712 74
713 74
714 74
715 74
716 74
717 74
718 74
719 74
720 74
721 74
722 74
723 74
724 74
725 74
726 74
727 74
728 74
729 74
730 74
731 74
732 74
733 74
734 74
735 74
736 74
737 74
738 74
739 74
740 74
741 74
742 74
743 74
744 74
745 74
746 74
747 74
748 74
749 74
750 74
751 74
752 74
753 74
754 74
755 74
756 74
757 74
758 74
759 74
760 74
761 74
762 74
763 74
764 74
765 74
766 74
767 74
768 74
769 74
770 74
771 74
772 74
773 74
774 74
775 74
776 74
777 74
778 74
779 74
780 74
781 74
782 74
783 74
784 74
785 74
786 74
787 74
788 74
789 74
790 74
791 74
792 74
793 74
794 74
795 74
796 74
797 74
798 74
799 74
800 74
801 74
802 74
803 74
804 74
805 74
806 74
807 74
808 74
809 74
810 74
811 74
812 74
813 74
814 74
815 74
816 74
817 74
818 74
819 74
820 74
821 74
822 74
823 74
824 74
825 74
826 74
827 74
828 74
829 74
830 74
831 74
832 74
833 74
834 74
835 74
836 74
837 74
838 74
839 74
840 74
841 74
842 74
843 74
844 74
845 74
846 74
847 74
848 74
849 74
850 74
851 74
852 74
853 74
854 74
855 74
856 74
857 74
858 74
859 74
860 74
861 74
862 74
863 74
864 74
865 74
866 74
867 74
868 74
869 74
870 74
871 74
872 74
873 74
874 74
875 74
876 74
877 74
878 74
879 74
880 74
881 74
882 74
883 74
884 74
885 74
886 74
887 74
888 74
889 74
890 74
891 74
892 74
893 74
894 74
895 74
896 74
897 74
898 74
899 74
900 74
901 74
902 74
903 74
904 74
905 74
906 74
907 74
908 74
909 74
910 74
911 74
912 74
913 74
914 74
915 74
916 74
917 74
918 74
919 74
920 74
921 74
922 74
923 74
924 74
925 74
926 74
927 74
928 74
929 74
930 74
931 74
932 74
933 74
934 74
935 74
936 74
937 74
938 74
939 74
940 74
941 74
942 74
943 74
944 74
945 74
946 74
947 74
948 74
949 74
950 74
951 74
952 74
953 74
954 74
955 74
956 74
957 74
958 74
959 74
960 74
961 74
962 74
963 74
964 74
965 74
966 74
967 74
968 74
969 74
970 74
971 74
972 74
973 74
974 74
975 74
976 74
977 74
978 74
979 74
980 74
981 74
982 74
983 74
984 74
985 74
986 74
987 74
988 74
989 74
990 74
991 74
992 74
993 74
994 74
995 74
996 74
997 74
998 74
999 74
1000 74
1001 74
1002 74
1003 74
1004 74
1005 74
1006 74
1007 74
1008 74
1009 74
1010 74
1011 74
1012 74
1013 74
1014 74
1015 74
1016 74
1017 74
1018 74
1019 74
1020 74
1021 74
1022 74
1023 74
1024 74
1025 74
1026 74
1027 74
1028 74
1029 74
1030 74
1031 74
1032 74
1033 74
1034 74
1035 74
1036 74
1037 74
1038 74
1039 74
1040 74
1041 74
1042 74
1043 74
1044 74
1045 74
1046 74
1047 74
1048 74
1049 74
1050 74
1051 74
1052 74
1053 74
1054 74
1055 74
1056 74
1057 74
1058 74
1059 74
1060 74
1061 74
1062 74
1063 74
1064 74
1065 74
1066 74
1067 74
1068 74
1069 74
1070 74
1071 74
1072 74
1073 74
1074 74
1075 74
1076 74
1077 74
1078 74
1079 74
1080 74
1081 74
1082 74
1083 74
1084 74
1085 74
1086 74
1087 74
1088 74
1089 74
1090 74
1091 74
1092 74
1093 74
1094 74
1095 74
1096 74
1097 74
1098 74
1099 74
1100 74
1101 74
1102 74
1103 74
1104 74
1105 74
1106 74
1107 74
1108 74
1109 74
1110 74
1111 74
1112 74
1113 74
1114 74
1115 74
1116 74
1117 74
1118 74
1119 74
1120 74
1121 74
1122 74
1123 74
1124 74
1125 74
1126 74
1127 74
1128 74
1129 74
1130 74
1131 74
1132 74
1133 74
1134 74
1135 74
1136 74
1137 74
1138 74
1139 74
1140 74
1141 74
1142 74
1143 74
1144 74
1145 74
1146 74
1147 74
1148 74
1149 74
1150 74
1151 74
1152 74
1153 74
1154 74
1155 74
1156 74
1157 74
1158 74
1159 74
1160 74
1161 74
1162 74
1163 74
1164 74
1165 74
1166 74
1167 74
1168 74
1169 74
1170 74
1171 74
1172 74
1173 74
1174 74
1175 74
1176 74
1177 74
1178 74
1179 74
1180 74
1181 74
1182 74
1183 74
1184 74
1185 74
1186 74
1187 74
1188 74
1189 74
1190 74
1191 74
1192 74
1193 74
1194 74
1195 74
1196 74
1197 74
1198 74
1199 74
1200 74
1201 74
1202 74
1203 74
1204 74
1205 74
1206 74
1207 74
1208 74
1209 74
1210 74
1211 74
1212 74
1213 74
1214 74
1215 74
1216 74
1217 74
1218 74
1219 74
1220 74
1221 74
1222 74
1223 74
1224 74
1225 74
1226 74
1227 74
1228 74
1229 74
1230 74
1231 74
1232 74
1233 74
1234 74
1235 74
1236 74
1237 74
1238 74
1239 74
1240 74
1241 74
1242 74
1243 74
1244 74
1245 74
1246 74
1247 74
1248 74
1249 74
1250 74
1251 74
1252 74
1253 74
1254 74
1255 74
1256 74
1257 74
1258 74
1259 74
1260 74
1261 74
1262 74
1263 74
1264 74
1265 74
1266 74
1267 74
1268 74
1269 74
1270 74
1271 74
1272 74
1273 74
1274 74
1275 74
1276 74
1277 74
1278 74
1279 74
1280 74
1281 74
1282 74
1283 74
1284 74
1285 74
1286 74
1287 74
1288 74
1289 74
1290 74
1291 74
1292 74
1293 74
1294 74
1295 74
1296 74
1297 74
1298 74
1299 74
1300 74
1301 74
1302 74
1303 74
1304 74
1305 74
1306 74
1307 74
1308 74
1309 74
1310 74
1311 74
1312 74
1313 74
1314 74
1315 74
1316 74
1317 74
1318 74
1319 74
1320 74
1321 74
1322 74
1323 74
1324 74
1325 74
1326 74
1327 74
1328 74
1329 74
1330 74
1331 74
1332 74
1333 74
1334 74
1335 74
1336 74
1337 74
1338 74
1339 74
1340 74
1341 74
1342 74
1343 74
1344 74
1345 74
1346 74
1347 74
1348 74
1349 74
1350 74
1351 74
1352 74
1353 74
1354 74
1355 74
1356 74
1357 74
1358 74
1359 74
1360 74
1361 74
1362 74
1363 74
1364 74
1365 74
1366 74
1367 74
1368 74
1369 74
1370 74
1371 74
1372 74
1373 74
1374 74
1375 74
1376 74
1377 74
1378 74
1379 74
1380 74
1381 74
1382 74
1383 74
1384 74
1385 74
1386 74
1387 74
1388 74
1389 74
1390 74
1391 74
1392 74
1393 74
1394 74
1395 74
1396 74
1397 74
1398 74
1399 74
1400 74
1401 74
1402 74
1403 74
1404 74
1405 74
1406 74
1407 74
1408 74
1409 74
1410 74
1411 74
1412 74
1413 74
1414 74
1415 74
1416 74
1417 74
1418 74
1419 74
1420 74
1421 74
1422 74
1423 74
1424 74
1425 74
1426 74
1427 74
1428 74
1429 74
1430 74
1431 74
1432 74
1433 74
1434 74
1435 74
1436 74
1437 74
1438 74
1439 74
1440 74
1441 74
1442 74
1443 74
1444 74
1445 74
1446 74
1447 74
1448 74
1449 74
1450 74
1451 74
1452 74
1453 74
1454 74
1455 74
1456 74
1457 74
1458 74
1459 74
1460 74
1461 74
1462 74
1463 74
1464 74
1465 74
1466 74
1467 74
1468 74
1469 74
1470 74
1471 74
1472 74
1473 74
1474 74
1475 74
1476 74
1477 74
1478 74
1479 74
1480 74
1481 74
1482 74
1483 74
1484 74
1485 74
1486 74
1487 74
1488 74
1489 74
1490 74
1491 74
1492 74
1493 74
1494 74
1495 74
1496 74
1497 74
1498 74
1499 74
1500 74
1501 74
1502 74
1503 74
1504 74
1505 74
1506 74
1507 74
1508 74
1509 74
1510 74
1511 74
1512 74
1513 74
1514 74
1515 74
1516 74
1517 74
1518 74
1519 74
1520 74
1521 74
1522 74
1523 74
1524 74
1525 74
1526 74
1527 74
1528 74
1529 74
1530 74
1531 74
1532 74
1533 74
1534 74
1535 74
1536 74
1537 74
1538 74
1539 74
1540 74
1541 74
1542 74
1543 74
1544 74
1545 74
1546 74
1547 74
1548 74
1549 74
1550 74
1551 74
1552 74
1553 74
1554 74
1555 74
1556 74
1557 74
1558 74
1559 74
1560 74
1561 74
1562 74
1563 74
1564 74
1565 74
1566 74
1567 74
1568 10
1569 10
1570 11
1571 11
1572 11
1573 11
1574 11
1575 12
1576 12
1577 12
1578 12
1579 12
1580 13
1581 13
1582 13
1583 13
1584 13
1585 14
1586 14
1587 14
1588 14
1589 14
1590 15
1591 15
1592 15
1593 15
1594 15
1595 16
1596 16
1597 16
1598 16
1599 16
1600 17
1601 17
1602 17
1603 17
1604 17
1605 18
1606 18
1607 18
1608 18
1609 18
1610 19
1611 19
1612 19
1613 19
1614 19
1615 20
1616 20
1617 20
1618 20
1619 20
1620 21
1621 21
1622 21
1623 21
1624 21
1625 22
1626 22
1627 22
1628 22
1629 22
1630 23
1631 23
1632 23
1633 23
1634 23
1635 24
1636 24
1637 24
1638 24
1639 24
1640 25
1641 25
1642 25
1643 0
1644 0
1645 0
1646 0
1647 0
1648 0
1649 0
1650 0
1651 0
1652 0
1653 0
1654 0
1655 0
1656 0
1657 0
1658 0
1659 0
1660 0
1661 0
1662 0
1663 0
1664 0
1665 0
1666 0
1667 0
1668 0
1669 0
1670 0
1671 0
1672 0
1673 0
1674 0
1675 0
1676 0
1677 0
1678 0
1679 0
1680 0
1681 0
1682 0
1683 0
1684 0
1685 0
1686 0
1687 0
1688 0
1689 0
1690 0
1691 0
1692 0
1693 0
1694 0
1695 0
1696 11
1697 11
1698 11
1699 11
1700 12
1701 12
1702 12
1703 12
1704 12
1705 13
1706 13
1707 13
1708 13
1709 13
1710 13
1711 14
1712 14
1713 14
1714 14
1715 14
1716 15
1717 15
1718 15
1719 15
1720 15
1721 15
1722 16
1723 16
1724 16
1725 16
1726 16
1727 17
1728 17
1729 17
1730 17
1731 17
1732 17
1733 18
1734 18
1735 18
1736 18
1737 18
1738 19
1739 19
1740 19
1741 19
1742 19
1743 19
1744 20
1745 20
1746 20
1747 20
1748 20
1749 21
1750 21
1751 21
1752 21
1753 21
1754 21
1755 22
1756 22
1757 22
1758 22
1759 22
1760 23
1761 23
1762 23
1763 23
1764 23
1765 23
1766 24
1767 24
1768 24
1769 24
1770 24
1771 0
1772 0
1773 0
1774 0
1775 0
1776 0
1777 0
1778 0
1779 0
1780 0
1781 0
1782 0
1783 0
1784 0
1785 0
1786 0
1787 0
1788 0
1789 0
1790 0
1791 0
1792 0
1793 0
1794 0
1795 0
1796 0
1797 0
1798 0
1799 0
1800 0
1801 0
1802 0
1803 0
1804 0
1805 0
1806 0
1807 0
1808 0
1809 0
1810 0
1811 0
1812 0
1813 0
1814 0
1815 0
1816 0
1817 0
1818 0
1819 0
1820 0
1821 0
1822 0
1823 0
1824 12
1825 12
1826 12
1827 12
1828 13
1829 13
1830 13
1831 13
1832 13
1833 13
1834 14
1835 14
1836 14
1837 14
1838 14
1839 15
1840 15
1841 15
1842 15
1843 15
1844 16
1845 16
1846 16
1847 16
1848 16
1849 16
1850 17
1851 17
1852 17
1853 17
1854 17
1855 18
1856 18
1857 18
1858 18
1859 18
1860 19
1861 19
1862 19
1863 19
1864 19
1865 19
1866 20
1867 20
1868 20
1869 20
1870 20
1871 21
1872 21
1873 21
1874 21
1875 21
1876 22
1877 22
1878 22
1879 22
1880 22
1881 22
1882 23
1883 23
1884 23
1885 23
1886 23
1887 24
1888 24
1889 24
1890 24
1891 24
1892 25
1893 25
1894 25
1895 25
1896 25
1897 25
1898 26
1899 0
1900 0
1901 0
1902 0
1903 0
1904 0
1905 0
1906 0
1907 0
1908 0
1909 0
1910 0
1911 0
1912 0
1913 0
1914 0
1915 0
1916 0
1917 0
1918 0
1919 0
1920 0
1921 0
1922 0
1923 0
1924 0
1925 0
1926 0
1927 0
1928 0
1929 0
1930 0
1931 0
1932 0
1933 0
1934 0
1935 0
1936 0
1937 0
1938 0
1939 0
1940 0
1941 0
1942 0
1943 0
1944 0
1945 0
1946 0
1947 0
1948 0
1949 0
1950 0
1951 0
1952 14
1953 14
1954 14
1955 14
1956 15
1957 15
1958 15
1959 15
1960 15
1961 16
1962 16
1963 16
1964 16
1965 16
1966 16
1967 17
1968 17
1969 17
1970 17
1971 17
1972 18
1973 18
1974 18
1975 18
1976 18
1977 18
1978 19
1979 19
1980 19
1981 19
1982 19
1983 20
1984 20
1985 20
1986 20
1987 20
1988 20
1989 21
1990 21
1991 21
1992 21
1993 21
1994 22
1995 22
1996 22
1997 22
1998 22
1999 22
2000 23
2001 23
2002 23
2003 23
2004 23
2005 24
2006 24
2007 24
2008 24
2009 24
2010 24
2011 25
2012 25
2013 25
2014 25
2015 25
2016 26
2017 26
2018 26
2019 26
2020 26
2021 26
2022 27
2023 27
2024 27
2025 27
2026 27
2027 0
2028 0
2029 0
2030 0
2031 0
2032 0
2033 0
2034 0
2035 0
2036 0
2037 0
2038 0
2039 0
2040 0
2041 0
2042 0
2043 0
2044 0
2045 0
2046 0
2047 0
2048 0
2049 0
2050 0
2051 0
2052 0
2053 0
2054 0
2055 0
2056 0
2057 0
2058 0
2059 0
2060 0
2061 0
2062 0
2063 0
2064 0
2065 0
2066 0
2067 0
2068 0
2069 0
2070 0
2071 0
2072 0
2073 0
2074 0
2075 0
2076 0
2077 0
2078 0
2079 0
2080 15
2081 15
2082 15
2083 16
2084 16
2085 16
2086 16
2087 17
2088 17
2089 17
2090 17
2091 17
2092 18
2093 18
2094 18
2095 18
2096 18
2097 19
2098 19
2099 19
2100 19
2101 19
2102 20
2103 20
2104 20
2105 20
2106 20
2107 21
2108 21
2109 21
2110 21
2111 21
2112 22
2113 22
2114 22
2115 22
2116 22
2117 23
2118 23
2119 23
2120 23
2121 23
2122 24
2123 24
2124 24
2125 24
2126 24
2127 25
2128 25
2129 25
2130 25
2131 25
2132 26
2133 26
2134 26
2135 26
2136 27
2137 27
2138 27
2139 27
2140 27
2141 28
2142 28
2143 28
2144 28
2145 28
2146 29
2147 29
2148 29
2149 29
2150 29
2151 30
2152 30
2153 30
2154 30
2155 0
2156 0
2157 0
2158 0
2159 0
2160 0
2161 0
2162 0
2163 0
2164 0
2165 0
2166 0
2167 0
2168 0
2169 0
2170 0
2171 0
2172 0
2173 0
2174 0
2175 0
2176 0
2177 0
2178 0
2179 0
2180 0
2181 0
2182 0
2183 0
2184 0
2185 0
2186 0
2187 0
2188 0
2189 0
2190 0
2191 0
2192 0
2193 0
2194 0
2195 0
2196 0
2197 0
2198 0
2199 0
2200 0
2201 0
2202 0
2203 0
2204 0
2205 0
2206 0
2207 0
2208 18
2209 19
2210 19
2211 19
2212 19
2213 19
2214 19
2215 19
2216 20
2217 20
2218 20
2219 20
2220 20
2221 20
2222 20
2223 21
2224 21
2225 21
2226 21
2227 21
2228 21
2229 21
2230 22
2231 22
2232 22
2233 22
2234 22
2235 22
2236 22
2237 23
2238 23
2239 23
2240 23
2241 23
2242 23
2243 23
2244 24
2245 24
2246 24
2247 24
2248 24
2249 24
2250 24
2251 25
2252 25
2253 25
2254 25
2255 25
2256 25
2257 25
2258 26
2259 26
2260 26
2261 26
2262 26
2263 26
2264 26
2265 27
2266 27
2267 27
2268 27
2269 27
2270 27
2271 27
2272 28
2273 28
2274 28
2275 28
2276 28
2277 28
2278 28
2279 29
2280 29
2281 29
2282 29
2283 0
2284 0
2285 0
2286 0
2287 0
2288 0
2289 0
2290 0
2291 0
2292 0
2293 0
2294 0
2295 0
2296 0
2297 0
2298 0
2299 0
2300 0
2301 0
2302 0
2303 0
2304 0
2305 0
2306 0
2307 0
2308 0
2309 0
2310 0
2311 0
2312 0
2313 0
2314 0
2315 0
2316 0
2317 0
2318 0
2319 0
2320 0
2321 0
2322 0
2323 0
2324 0
2325 0
2326 0
2327 0
2328 0
2329 0
2330 0
2331 0
2332 0
2333 0
2334 0
2335 0
2336 0
2337 0
2338 0
2339 0
2340 0
2341 0
2342 0
2343 0
2344 0
2345 0
2346 0
2347 0
2348 0
2349 0
2350 0
2351 0
2352 0
2353 0
2354 0
2355 0
2356 0
2357 0
2358 0
2359 0
2360 0
2361 0
2362 0
2363 0
2364 0
2365 0
2366 0
2367 0
2368 0
2369 0
2370 0
2371 0
2372 0
2373 0
2374 0
2375 0
2376 0
2377 0
2378 0
2379 0
2380 0
2381 0
2382 0
2383 0
2384 0
2385 0
2386 0
2387 0
2388 0
2389 0
2390 0
2391 0
2392 0
2393 0
2394 0
2395 0
2396 0
2397 0
2398 0
2399 0
2400 0
2401 0
2402 0
2403 0
2404 0
2405 0
2406 0
2407 0
2408 0
2409 0
2410 0
2411 0
2412 0
2413 0
2414 0
2415 0
2416 0
2417 0
2418 0
2419 0
2420 0
2421 0
2422 0
2423 0
2424 0
2425 0
2426 0
2427 0
2428 0
2429 0
2430 0
2431 0
2432 0
2433 0
2434 0
2435 0
2436 0
2437 0
2438 0
2439 0
2440 0
2441 0
2442 0
2443 0
2444 0
2445 0
2446 0
2447 0
2448 0
2449 0
2450 0
2451 0
2452 0
2453 0
2454 0
2455 0
2456 0
2457 0
2458 0
2459 0
2460 0
2461 0
2462 0
2463 0
2464 0
2465 0
2466 0
2467 0
2468 0
2469 0
2470 0
2471 0
2472 0
2473 0
2474 0
2475 0
2476 0
2477 0
2478 0
2479 0
2480 0
2481 0
2482 0
2483 0
2484 0
2485 0
2486 0
2487 0
2488 0
2489 0
2490 0
2491 0
2492 0
2493 0
2494 0
2495 0
2496 0
2497 0
2498 0
2499 0
2500 0
2501 0
2502 0
2503 0
2504 0
2505 0
2506 0
2507 0
2508 0
2509 0
2510 0
2511 0
2512 0
2513 0
2514 0
2515 0
2516 0
2517 0
2518 0
2519 0
2520 0
2521 0
2522 0
2523 0
2524 0
2525 0
2526 0
2527 0
2528 0
2529 0
2530 0
2531 0
2532 0
2533 0
2534 0
2535 0
2536 0
2537 0
2538 0
2539 0
2540 0
2541 0
2542 0
2543 0
2544 0
2545 0
2546 0
2547 0
2548 0
2549 0
2550 0
2551 0
2552 0
2553 0
2554 0
2555 0
2556 0
2557 0
2558 0
2559 0
2560 0
2561 0
2562 0
2563 0
2564 0
2565 0
2566 0
2567 0
2568 0
2569 0
2570 0
2571 0
2572 0
2573 0
2574 0
2575 0
2576 0
2577 0
2578 0
2579 0
2580 0
2581 0
2582 0
2583 0
2584 0
2585 0
2586 0
2587 0
2588 0
2589 0
2590 0
2591 0
2592 14
2593 14
2594 14
2595 14
2596 14
2597 14
2598 14
2599 15
2600 15
2601 15
2602 15
2603 15
2604 15
2605 15
2606 15
2607 16
2608 16
2609 16
2610 16
2611 16
2612 16
2613 16
2614 17
2615 17
2616 17
2617 17
2618 17
2619 17
2620 17
2621 18
2622 18
2623 18
2624 18
2625 18
2626 18
2627 18
2628 18
2629 19
2630 19
2631 19
2632 19
2633 19
2634 19
2635 19
2636 20
2637 20
2638 20
2639 20
2640 20
2641 20
2642 20
2643 20
2644 21
2645 21
2646 21
2647 21
2648 21
2649 21
2650 21
2651 22
2652 22
2653 22
2654 22
2655 22
2656 22
2657 22
2658 22
2659 23
2660 23
2661 23
2662 23
2663 23
2664 23
2665 23
2666 24
2667 0
2668 0
2669 0
2670 0
2671 0
2672 0
2673 0
2674 0
2675 0
2676 0
2677 0
2678 0
2679 0
2680 0
2681 0
2682 0
2683 0
2684 0
2685 0
2686 0
2687 0
2688 0
2689 0
2690 0
2691 0
2692 0
2693 0
2694 0
2695 0
2696 0
2697 0
2698 0
2699 0
2700 0
2701 0
2702 0
2703 0
2704 0
2705 0
2706 0
2707 0
2708 0
2709 0
2710 0
2711 0
2712 0
2713 0
2714 0
2715 0
2716 0
2717 0
2718 0
2719 0
2720 15
2721 15
2722 15
2723 15
2724 15
2725 15
2726 16
2727 16
2728 16
2729 16
2730 16
2731 16
2732 17
2733 17
2734 17
2735 17
2736 17
2737 17
2738 18
2739 18
2740 18
2741 18
2742 18
2743 18
2744 19
2745 19
2746 19
2747 19
2748 19
2749 20
2750 20
2751 20
2752 20
2753 20
2754 20
2755 21
2756 21
2757 21
2758 21
2759 21
2760 21
2761 22
2762 22
2763 22
2764 22
2765 22
2766 22
2767 23
2768 23
2769 23
2770 23
2771 23
2772 23
2773 24
2774 24
2775 24
2776 24
2777 24
2778 24
2779 25
2780 25
2781 25
2782 25
2783 25
2784 25
2785 26
2786 26
2787 26
2788 26
2789 26
2790 27
2791 27
2792 27
2793 27
2794 27
2795 0
2796 0
2797 0
2798 0
2799 0
2800 0
2801 0
2802 0
2803 0
2804 0
2805 0
2806 0
2807 0
2808 0
2809 0
2810 0
2811 0
2812 0
2813 0
2814 0
2815 0
2816 0
2817 0
2818 0
2819 0
2820 0
2821 0
2822 0
2823 0
2824 0
2825 0
2826 0
2827 0
2828 0
2829 0
2830 0
2831 0
2832 0
2833 0
2834 0
2835 0
2836 0
2837 0
2838 0
2839 0
2840 0
2841 0
2842 0
2843 0
2844 0
2845 0
2846 0
2847 0
2848 18
2849 18
2850 18
2851 18
2852 18
2853 19
2854 19
2855 19
2856 19
2857 19
2858 19
2859 20
2860 20
2861 20
2862 20
2863 20
2864 20
2865 20
2866 21
2867 21
2868 21
2869 21
2870 21
2871 21
2872 22
2873 22
2874 22
2875 22
2876 22
2877 22
2878 22
2879 23
2880 23
2881 23
2882 23
2883 23
2884 23
2885 24
2886 24
2887 24
2888 24
2889 24
2890 24
2891 24
2892 25
2893 25
2894 25
2895 25
2896 25
2897 25
2898 26
2899 26
2900 26
2901 26
2902 26
2903 26
2904 26
2905 27
2906 27
2907 27
2908 27
2909 27
2910 27
2911 28
2912 28
2913 28
2914 28
2915 28
2916 28
2917 28
2918 29
2919 29
2920 29
2921 29
2922 29
2923 0
2924 0
2925 0
2926 0
2927 0
2928 0
2929 0
2930 0
2931 0
2932 0
2933 0
2934 0
2935 0
2936 0
2937 0
2938 0
2939 0
2940 0
2941 0
2942 0
2943 0
2944 0
2945 0
2946 0
2947 0
2948 0
2949 0
2950 0
2951 0
2952 0
2953 0
2954 0
2955 0
2956 0
2957 0
2958 0
2959 0
2960 0
2961 0
2962 0
2963 0
2964 0
2965 0
2966 0
2967 0
2968 0
2969 0
2970 0
2971 0
2972 0
2973 0
2974 0
2975 0
2976 21
2977 21
2978 21
2979 22
2980 22
2981 22
2982 22
2983 22
2984 22
2985 22
2986 23
2987 23
2988 23
2989 23
2990 23
2991 23
2992 23
2993 24
2994 24
2995 24
2996 24
2997 24
2998 24
2999 24
3000 24
3001 25
3002 25
3003 25
3004 25
3005 25
3006 25
3007 25
3008 26
3009 26
3010 26
3011 26
3012 26
3013 26
3014 26
3015 27
3016 27
3017 27
3018 27
3019 27
3020 27
3021 27
3022 27
3023 28
3024 28
3025 28
3026 28
3027 28
3028 28
3029 28
3030 29
3031 29
3032 29
3033 29
3034 29
3035 29
3036 29
3037 30
3038 30
3039 30
3040 30
3041 30
3042 30
3043 30
3044 30
3045 31
3046 31
3047 31
3048 31
3049 31
3050 31
3051 0
3052 0
3053 0
3054 0
3055 0
3056 0
3057 0
3058 0
3059 0
3060 0
3061 0
3062 0
3063 0
3064 0
3065 0
3066 0
3067 0
3068 0
3069 0
3070 0
3071 0
3072 0
3073 0
3074 0
3075 0
3076 0
3077 0
3078 0
3079 0
3080 0
3081 0
3082 0
3083 0
3084 0
3085 0
3086 0
3087 0
3088 0
3089 0
3090 0
3091 0
3092 0
3093 0
3094 0
3095 0
3096 0
3097 0
3098 0
3099 0
3100 0
3101 0
3102 0
3103 0
3104 23
3105 23
3106 23
3107 23
3108 23
3109 24
3110 24
3111 24
3112 24
3113 25
3114 25
3115 25
3116 25
3117 26
3118 26
3119 26
3120 26
3121 27
3122 27
3123 27
3124 27
3125 28
3126 28
3127 28
3128 28
3129 28
3130 29
3131 29
3132 29
3133 29
3134 30
3135 30
3136 30
3137 30
3138 31
3139 31
3140 31
3141 31
3142 32
3143 32
3144 32
3145 32
3146 32
3147 33
3148 33
3149 33
3150 33
3151 34
3152 34
3153 34
3154 34
3155 35
3156 35
3157 35
3158 35
3159 36
3160 36
3161 36
3162 36
3163 37
3164 37
3165 37
3166 37
3167 37
3168 38
3169 38
3170 38
3171 38
3172 39
3173 39
3174 39
3175 39
3176 40
3177 40
3178 40
3179 0
3180 0
3181 0
3182 0
3183 0
3184 0
3185 0
3186 0
3187 0
3188 0
3189 0
3190 0
3191 0
3192 0
3193 0
3194 0
3195 0
3196 0
3197 0
3198 0
3199 0
3200 0
3201 0
3202 0
3203 0
3204 0
3205 0
3206 0
3207 0
3208 0
3209 0
3210 0
3211 0
3212 0
3213 0
3214 0
3215 0
3216 0
3217 0
3218 0
3219 0
3220 0
3221 0
3222 0
3223 0
3224 0
3225 0
3226 0
3227 0
3228 0
3229 0
3230 0
3231 0
3232 35
3233 35
3234 34
3235 34
3236 34
3237 34
3238 33
3239 33
3240 33
3241 33
3242 32
3243 32
3244 32
3245 32
3246 31
3247 31
3248 31
3249 31
3250 30
3251 30
3252 30
3253 30
3254 29
3255 29
3256 29
3257 29
3258 28
3259 28
3260 28
3261 28
3262 27
3263 27
3264 27
3265 27
3266 26
3267 26
3268 26
3269 26
3270 25
3271 25
3272 25
3273 25
3274 24
3275 24
3276 24
3277 24
3278 23
3279 23
3280 23
3281 23
3282 22
3283 22
3284 22
3285 22
3286 21
3287 21
3288 21
3289 21
3290 20
3291 20
3292 20
3293 20
3294 19
3295 19
3296 19
3297 19
3298 18
3299 18
3300 18
3301 17
3302 17
3303 17
3304 17
3305 16
3306 16
3307 0
3308 0
3309 0
3310 0
3311 0
3312 0
3313 0
3314 0
3315 0
3316 0
3317 0
3318 0
3319 0
3320 0
3321 0
3322 0
3323 0
3324 0
3325 0
3326 0
3327 0
3328 0
3329 0
3330 0
3331 0
3332 0
3333 0
3334 0
3335 0
3336 0
3337 0
3338 0
3339 0
3340 0
3341 0
3342 0
3343 0
3344 0
3345 0
3346 0
3347 0
3348 0
3349 0
3350 0
3351 0
3352 0
3353 0
3354 0
3355 0
3356 0
3357 0
3358 0
3359 0
3360 0
3361 0
3362 0
3363 0
3364 0
3365 0
3366 0
3367 0
3368 0
3369 0
3370 0
3371 0
3372 0
3373 0
3374 0
3375 0
3376 0
3377 0
3378 0
3379 0
3380 0
3381 0
3382 0
3383 0
3384 0
3385 0
3386 0
3387 0
3388 0
3389 0
3390 0
3391 0
3392 0
3393 0
3394 0
3395 0
3396 0
3397 0
3398 0
3399 0
3400 0
3401 0
3402 0
3403 0
3404 0
3405 0
3406 0
3407 0
3408 0
3409 0
3410 0
3411 0
3412 0
3413 0
3414 0
3415 0
3416 0
3417 0
3418 0
3419 0
3420 0
3421 0
3422 0
3423 0
3424 0
3425 0
3426 0
3427 0
3428 0
3429 0
3430 0
3431 0
3432 0
3433 0
3434 0
3435 0
3436 0
3437 0
3438 0
3439 0
3440 0
3441 0
3442 0
3443 0
3444 0
3445 0
3446 0
3447 0
3448 0
3449 0
3450 0
3451 0
3452 0
3453 0
3454 0
3455 0
3456 0
3457 0
3458 0
3459 0
3460 0
3461 0
3462 0
3463 0
3464 0
3465 0
3466 0
3467 0
3468 0
3469 0
3470 0
3471 0
3472 0
3473 0
3474 0
3475 0
3476 0
3477 0
3478 0
3479 0
3480 0
3481 0
3482 0
3483 0
3484 0
3485 0
3486 0
3487 0
3488 0
3489 0
3490 0
3491 0
3492 0
3493 0
3494 0
3495 0
3496 0
3497 0
3498 0
3499 0
3500 0
3501 0
3502 0
3503 0
3504 0
3505 0
3506 0
3507 0
3508 0
3509 0
3510 0
3511 0
3512 0
3513 0
3514 0
3515 0
3516 0
3517 0
3518 0
3519 0
3520 0
3521 0
3522 0
3523 0
3524 0
3525 0
3526 0
3527 0
3528 0
3529 0
3530 0
3531 0
3532 0
3533 0
3534 0
3535 0
3536 0
3537 0
3538 0
3539 0
3540 0
3541 0
3542 0
3543 0
3544 0
3545 0
3546 0
3547 0
3548 0
3549 0
3550 0
3551 0
3552 0
3553 0
3554 0
3555 0
3556 0
3557 0
3558 0
3559 0
3560 0
3561 0
3562 0
3563 0
3564 0
3565 0
3566 0
3567 0
3568 0
3569 0
3570 0
3571 0
3572 0
3573 0
3574 0
3575 0
3576 0
3577 0
3578 0
3579 0
3580 0
3581 0
3582 0
3583 0
3584 0
3585 0
3586 0
3587 0
3588 0
3589 0
3590 0
3591 0
3592 0
3593 0
3594 0
3595 0
3596 0
3597 0
3598 0
3599 0
3600 0
3601 0
3602 0
3603 0
3604 0
3605 0
3606 0
3607 0
3608 0
3609 0
3610 0
3611 0
3612 0
3613 0
3614 0
3615 0
3616 12
3617 12
3618 12
3619 12
3620 12
3621 13
3622 13
3623 13
3624 13
3625 13
3626 13
3627 13
3628 14
3629 14
3630 14
3631 14
3632 14
3633 14
3634 15
3635 15
3636 15
3637 15
3638 15
3639 15
3640 16
3641 16
3642 16
3643 16
3644 16
3645 16
3646 16
3647 17
3648 17
3649 17
3650 17
3651 17
3652 17
3653 18
3654 18
3655 18
3656 18
3657 18
3658 18
3659 19
3660 19
3661 19
3662 19
3663 19
3664 19
3665 20
3666 20
3667 20
3668 20
3669 20
3670 20
3671 20
3672 21
3673 21
3674 21
3675 21
3676 21
3677 21
3678 22
3679 22
3680 22
3681 22
3682 22
3683 22
3684 23
3685 23
3686 23
3687 23
3688 23
3689 23
3690 23
3691 0
3692 0
3693 0
3694 0
3695 0
3696 0
3697 0
3698 0
3699 0
3700 0
3701 0
3702 0
3703 0
3704 0
3705 0
3706 0
3707 0
3708 0
3709 0
3710 0
3711 0
3712 0
3713 0
3714 0
3715 0
3716 0
3717 0
3718 0
3719 0
3720 0
3721 0
3722 0
3723 0
3724 0
3725 0
3726 0
3727 0
3728 0
3729 0
3730 0
3731 0
3732 0
3733 0
3734 0
3735 0
3736 0
3737 0
3738 0
3739 0
3740 0
3741 0
3742 0
3743 0
3744 14
3745 14
3746 14
3747 14
3748 14
3749 15
3750 15
3751 15
3752 15
3753 15
3754 15
3755 15
3756 16
3757 16
3758 16
3759 16
3760 16
3761 16
3762 17
3763 17
3764 17
3765 17
3766 17
3767 17
3768 18
3769 18
3770 18
3771 18
3772 18
3773 18
3774 18
3775 19
3776 19
3777 19
3778 19
3779 19
3780 19
3781 20
3782 20
3783 20
3784 20
3785 20
3786 20
3787 21
3788 21
3789 21
3790 21
3791 21
3792 21
3793 21
3794 22
3795 22
3796 22
3797 22
3798 22
3799 22
3800 23
3801 23
3802 23
3803 23
3804 23
3805 23
3806 23
3807 24
3808 24
3809 24
3810 24
3811 24
3812 24
3813 25
3814 25
3815 25
3816 25
3817 25
3818 25
3819 0
3820 0
3821 0
3822 0
3823 0
3824 0
3825 0
3826 0
3827 0
3828 0
3829 0
3830 0
3831 0
3832 0
3833 0
3834 0
3835 0
3836 0
3837 0
3838 0
3839 0
3840 0
3841 0
3842 0
3843 0
3844 0
3845 0
3846 0
3847 0
3848 0
3849 0
3850 0
3851 0
3852 0
3853 0
3854 0
3855 0
3856 0
3857 0
3858 0
3859 0
3860 0
3861 0
3862 0
3863 0
3864 0
3865 0
3866 0
3867 0
3868 0
3869 0
3870 0
3871 0
3872 18
3873 18
3874 18
3875 18
3876 18
3877 18
3878 18
3879 18
3880 19
3881 19
3882 19
3883 19
3884 19
3885 19
3886 19
3887 19
3888 19
3889 19
3890 19
3891 19
3892 19
3893 19
3894 20
3895 20
3896 20
3897 20
3898 20
3899 20
3900 20
3901 20
3902 20
3903 20
3904 20
3905 20
3906 20
3907 20
3908 21
3909 21
3910 21
3911 21
3912 21
3913 21
3914 21
3915 21
3916 21
3917 21
3918 21
3919 21
3920 21
3921 21
3922 22
3923 22
3924 22
3925 22
3926 22
3927 22
3928 22
3929 22
3930 22
3931 22
3932 22
3933 22
3934 22
3935 22
3936 23
3937 23
3938 23
3939 23
3940 23
3941 23
3942 23
3943 23
3944 23
3945 23
3946 23
3947 0
3948 0
3949 0
3950 0
3951 0
3952 0
3953 0
3954 0
3955 0
3956 0
3957 0
3958 0
3959 0
3960 0
3961 0
3962 0
3963 0
3964 0
3965 0
3966 0
3967 0
3968 0
3969 0
3970 0
3971 0
3972 0
3973 0
3974 0
3975 0
3976 0
3977 0
3978 0
3979 0
3980 0
3981 0
3982 0
3983 0
3984 0
3985 0
3986 0
3987 0
3988 0
3989 0
3990 0
3991 0
3992 0
3993 0
3994 0
3995 0
3996 0
3997 0
3998 0
3999 0
4000 19
4001 19
4002 19
4003 19
4004 20
4005 20
4006 20
4007 20
4008 20
4009 20
4010 20
4011 21
4012 21
4013 21
4014 21
4015 21
4016 21
4017 21
4018 22
4019 22
4020 22
4021 22
4022 22
4023 22
4024 22
4025 23
4026 23
4027 23
4028 23
4029 23
4030 23
4031 23
4032 24
4033 24
4034 24
4035 24
4036 24
4037 24
4038 24
4039 25
4040 25
4041 25
4042 25
4043 25
4044 25
4045 25
4046 26
4047 26
4048 26
4049 26
4050 26
4051 26
4052 26
4053 27
4054 27
4055 27
4056 27
4057 27
4058 27
4059 27
4060 28
4061 28
4062 28
4063 28
4064 28
4065 28
4066 28
4067 29
4068 29
4069 29
4070 29
4071 29
4072 29
4073 29
4074 30
4075 0
4076 0
4077 0
4078 0
4079 0
4080 0
4081 0
4082 0
4083 0
4084 0
4085 0
4086 0
4087 0
4088 0
4089 0
4090 0
4091 0
4092 0
4093 0
4094 0
4095 0
4096 0
4097 0
4098 0
4099 0
4100 0
4101 0
4102 0
4103 0
4104 0
4105 0
4106 0
4107 0
4108 0
4109 0
4110 0
4111 0
4112 0
4113 0
4114 0
4115 0
4116 0
4117 0
4118 0
4119 0
4120 0
4121 0
4122 0
4123 0
4124 0
4125 0
4126 0
4127 0
4128 25
4129 25
4130 25
4131 25
4132 25
4133 25
4134 25
4135 25
4136 25
4137 25
4138 25
4139 25
4140 25
4141 25
4142 26
4143 26
4144 26
4145 26
4146 26
4147 26
4148 26
4149 26
4150 26
4151 26
4152 26
4153 26
4154 26
4155 26
4156 26
4157 26
4158 26
4159 26
4160 27
4161 27
4162 27
4163 27
4164 27
4165 27
4166 27
4167 27
4168 27
4169 27
4170 27
4171 27
4172 27
4173 27
4174 27
4175 27
4176 27
4177 27
4178 28
4179 28
4180 28
4181 28
4182 28
4183 28
4184 28
4185 28
4186 28
4187 28
4188 28
4189 28
4190 28
4191 28
4192 28
4193 28
4194 28
4195 28
4196 29
4197 29
4198 29
4199 29
4200 29
4201 29
4202 29
4203 0
4204 0
4205 0
4206 0
4207 0
4208 0
4209 0
4210 0
4211 0
4212 0
4213 0
4214 0
4215 0
4216 0
4217 0
4218 0
4219 0
4220 0
4221 0
4222 0
4223 0
4224 0
4225 0
4226 0
4227 0
4228 0
4229 0
4230 0
4231 0
4232 0
4233 0
4234 0
4235 0
4236 0
4237 0
4238 0
4239 0
4240 0
4241 0
4242 0
4243 0
4244 0
4245 0
4246 0
4247 0
4248 0
4249 0
4250 0
4251 0
4252 0
4253 0
4254 0
4255 0
4256 31
4257 31
4258 31
4259 31
4260 31
4261 31
4262 31
4263 31
4264 31
4265 31
4266 31
4267 31
4268 31
4269 31
4270 31
4271 31
4272 31
4273 31
4274 31
4275 31
4276 31
4277 31
4278 31
4279 31
4280 31
4281 31
4282 31
4283 31
4284 31
4285 32
4286 32
4287 32
4288 32
4289 32
4290 32
4291 32
4292 32
4293 32
4294 32
4295 32
4296 32
4297 32
4298 32
4299 32
4300 32
4301 32
4302 32
4303 32
4304 32
4305 32
4306 32
4307 32
4308 32
4309 32
4310 32
4311 32
4312 32
4313 32
4314 32
4315 32
4316 32
4317 32
4318 32
4319 33
4320 33
4321 33
4322 33
4323 33
4324 33
4325 33
4326 33
4327 33
4328 33
4329 33
4330 33
4331 0
4332 0
4333 0
4334 0
4335 0
4336 0
4337 0
4338 0
4339 0
4340 0
4341 0
4342 0
4343 0
4344 0
4345 0
4346 0
4347 0
4348 0
4349 0
4350 0
4351 0
4352 0
4353 0
4354 0
4355 0
4356 0
4357 0
4358 0
4359 0
4360 0
4361 0
4362 0
4363 0
4364 0
4365 0
4366 0
4367 0
4368 0
4369 0
4370 0
4371 0
4372 0
4373 0
4374 0
4375 0
4376 0
4377 0
4378 0
4379 0
4380 0
4381 0
4382 0
4383 0
4384 0
4385 0
4386 0
4387 0
4388 0
4389 0
4390 0
4391 0
4392 0
4393 0
4394 0
4395 0
4396 0
4397 0
4398 0
4399 0
4400 0
4401 0
4402 0
4403 0
4404 0
4405 0
4406 0
4407 0
4408 0
4409 0
4410 0
4411 0
4412 0
4413 0
4414 0
4415 0
4416 0
4417 0
4418 0
4419 0
4420 0
4421 0
4422 0
4423 0
4424 0
4425 0
4426 0
4427 0
4428 0
4429 0
4430 0
4431 0
4432 0
4433 0
4434 0
4435 0
4436 0
4437 0
4438 0
4439 0
4440 0
4441 0
4442 0
4443 0
4444 0
4445 0
4446 0
4447 0
4448 0
4449 0
4450 0
4451 0
4452 0
4453 0
4454 0
4455 0
4456 0
4457 0
4458 0
4459 0
4460 0
4461 0
4462 0
4463 0
4464 0
4465 0
4466 0
4467 0
4468 0
4469 0
4470 0
4471 0
4472 0
4473 0
4474 0
4475 0
4476 0
4477 0
4478 0
4479 0
4480 0
4481 0
4482 0
4483 0
4484 0
4485 0
4486 0
4487 0
4488 0
4489 0
4490 0
4491 0
4492 0
4493 0
4494 0
4495 0
4496 0
4497 0
4498 0
4499 0
4500 0
4501 0
4502 0
4503 0
4504 0
4505 0
4506 0
4507 0
4508 0
4509 0
4510 0
4511 0
4512 0
4513 0
4514 0
4515 0
4516 0
4517 0
4518 0
4519 0
4520 0
4521 0
4522 0
4523 0
4524 0
4525 0
4526 0
4527 0
4528 0
4529 0
4530 0
4531 0
4532 0
4533 0
4534 0
4535 0
4536 0
4537 0
4538 0
4539 0
4540 0
4541 0
4542 0
4543 0
4544 0
4545 0
4546 0
4547 0
4548 0
4549 0
4550 0
4551 0
4552 0
4553 0
4554 0
4555 0
4556 0
4557 0
4558 0
4559 0
4560 0
4561 0
4562 0
4563 0
4564 0
4565 0
4566 0
4567 0
4568 0
4569 0
4570 0
4571 0
4572 0
4573 0
4574 0
4575 0
4576 0
4577 0
4578 0
4579 0
4580 0
4581 0
4582 0
4583 0
4584 0
4585 0
4586 0
4587 0
4588 0
4589 0
4590 0
4591 0
4592 0
4593 0
4594 0
4595 0
4596 0
4597 0
4598 0
4599 0
4600 0
4601 0
4602 0
4603 0
4604 0
4605 0
4606 0
4607 0
4608 0
4609 0
4610 0
4611 0
4612 0
4613 0
4614 0
4615 0
4616 0
4617 0
4618 0
4619 0
4620 0
4621 0
4622 0
4623 0
4624 0
4625 0
4626 0
4627 0
4628 0
4629 0
4630 0
4631 0
4632 0
4633 0
4634 0
4635 0
4636 0
4637 0
4638 0
4639 0
4640 14
4641 14
4642 14
4643 14
4644 14
4645 14
4646 14
4647 15
4648 15
4649 15
4650 15
4651 15
4652 15
4653 15
4654 15
4655 16
4656 16
4657 16
4658 16
4659 16
4660 16
4661 16
4662 17
4663 17
4664 17
4665 17
4666 17
4667 17
4668 17
4669 17
4670 18
4671 18
4672 18
4673 18
4674 18
4675 18
4676 18
4677 19
4678 19
4679 19
4680 19
4681 19
4682 19
4683 19
4684 20
4685 20
4686 20
4687 20
4688 20
4689 20
4690 20
4691 20
4692 21
4693 21
4694 21
4695 21
4696 21
4697 21
4698 21
4699 22
4700 22
4701 22
4702 22
4703 22
4704 22
4705 22
4706 22
4707 23
4708 23
4709 23
4710 23
4711 23
4712 23
4713 23
4714 24
4715 0
4716 0
4717 0
4718 0
4719 0
4720 0
4721 0
4722 0
4723 0
4724 0
4725 0
4726 0
4727 0
4728 0
4729 0
4730 0
4731 0
4732 0
4733 0
4734 0
4735 0
4736 0
4737 0
4738 0
4739 0
4740 0
4741 0
4742 0
4743 0
4744 0
4745 0
4746 0
4747 0
4748 0
4749 0
4750 0
4751 0
4752 0
4753 0
4754 0
4755 0
4756 0
4757 0
4758 0
4759 0
4760 0
4761 0
4762 0
4763 0
4764 0
4765 0
4766 0
4767 0
4768 15
4769 15
4770 16
4771 16
4772 16
4773 16
4774 16
4775 17
4776 17
4777 17
4778 17
4779 17
4780 18
4781 18
4782 18
4783 18
4784 18
4785 19
4786 19
4787 19
4788 19
4789 19
4790 20
4791 20
4792 20
4793 20
4794 20
4795 21
4796 21
4797 21
4798 21
4799 21
4800 22
4801 22
4802 22
4803 22
4804 22
4805 22
4806 23
4807 23
4808 23
4809 23
4810 23
4811 24
4812 24
4813 24
4814 24
4815 24
4816 25
4817 25
4818 25
4819 25
4820 25
4821 26
4822 26
4823 26
4824 26
4825 26
4826 27
4827 27
4828 27
4829 27
4830 27
4831 28
4832 28
4833 28
4834 28
4835 28
4836 29
4837 29
4838 29
4839 29
4840 29
4841 30
4842 30
4843 0
4844 0
4845 0
4846 0
4847 0
4848 0
4849 0
4850 0
4851 0
4852 0
4853 0
4854 0
4855 0
4856 0
4857 0
4858 0
4859 0
4860 0
4861 0
4862 0
4863 0
4864 0
4865 0
4866 0
4867 0
4868 0
4869 0
4870 0
4871 0
4872 0
4873 0
4874 0
4875 0
4876 0
4877 0
4878 0
4879 0
4880 0
4881 0
4882 0
4883 0
4884 0
4885 0
4886 0
4887 0
4888 0
4889 0
4890 0
4891 0
4892 0
4893 0
4894 0
4895 0
4896 18
4897 18
4898 18
4899 19
4900 19
4901 19
4902 19
4903 19
4904 20
4905 20
4906 20
4907 20
4908 21
4909 21
4910 21
4911 21
4912 21
4913 22
4914 22
4915 22
4916 22
4917 22
4918 23
4919 23
4920 23
4921 23
4922 24
4923 24
4924 24
4925 24
4926 24
4927 25
4928 25
4929 25
4930 25
4931 26
4932 26
4933 26
4934 26
4935 26
4936 27
4937 27
4938 27
4939 27
4940 27
4941 28
4942 28
4943 28
4944 28
4945 29
4946 29
4947 29
4948 29
4949 29
4950 30
4951 30
4952 30
4953 30
4954 30
4955 31
4956 31
4957 31
4958 31
4959 32
4960 32
4961 32
4962 32
4963 32
4964 33
4965 33
4966 33
4967 33
4968 34
4969 34
4970 34
4971 0
4972 0
4973 0
4974 0
4975 0
4976 0
4977 0
4978 0
4979 0
4980 0
4981 0
4982 0
4983 0
4984 0
4985 0
4986 0
4987 0
4988 0
4989 0
4990 0
4991 0
4992 0
4993 0
4994 0
4995 0
4996 0
4997 0
4998 0
4999 0
5000 0
5001 0
5002 0
5003 0
5004 0
5005 0
5006 0
5007 0
5008 0
5009 0
5010 0
5011 0
5012 0
5013 0
5014 0
5015 0
5016 0
5017 0
5018 0
5019 0
5020 0
5021 0
5022 0
5023 0
5024 22
5025 22
5026 23
5027 23
5028 23
5029 23
5030 23
5031 24
5032 24
5033 24
5034 24
5035 24
5036 25
5037 25
5038 25
5039 25
5040 25
5041 26
5042 26
5043 26
5044 26
5045 26
5046 27
5047 27
5048 27
5049 27
5050 27
5051 28
5052 28
5053 28
5054 28
5055 28
5056 28
5057 29
5058 29
5059 29
5060 29
5061 29
5062 30
5063 30
5064 30
5065 30
5066 30
5067 31
5068 31
5069 31
5070 31
5071 31
5072 32
5073 32
5074 32
5075 32
5076 32
5077 33
5078 33
5079 33
5080 33
5081 33
5082 34
5083 34
5084 34
5085 34
5086 34
5087 35
5088 35
5089 35
5090 35
5091 35
5092 36
5093 36
5094 36
5095 36
5096 36
5097 37
5098 37
5099 0
5100 0
5101 0
5102 0
5103 0
5104 0
5105 0
5106 0
5107 0
5108 0
5109 0
5110 0
5111 0
5112 0
5113 0
5114 0
5115 0
5116 0
5117 0
5118 0
5119 0
5120 0
5121 0
5122 0
5123 0
5124 0
5125 0
5126 0
5127 0
5128 0
5129 0
5130 0
5131 0
5132 0
5133 0
5134 0
5135 0
5136 0
5137 0
5138 0
5139 0
5140 0
5141 0
5142 0
5143 0
5144 0
5145 0
5146 0
5147 0
5148 0
5149 0
5150 0
5151 0
5152 28
5153 28
5154 28
5155 28
5156 28
5157 28
5158 29
5159 29
5160 29
5161 29
5162 29
5163 29
5164 29
5165 29
5166 30
5167 30
5168 30
5169 30
5170 30
5171 30
5172 30
5173 30
5174 31
5175 31
5176 31
5177 31
5178 31
5179 31
5180 31
5181 31
5182 32
5183 32
5184 32
5185 32
5186 32
5187 32
5188 32
5189 32
5190 33
5191 33
5192 33
5193 33
5194 33
5195 33
5196 33
5197 33
5198 34
5199 34
5200 34
5201 34
5202 34
5203 34
5204 34
5205 34
5206 35
5207 35
5208 35
5209 35
5210 35
5211 35
5212 35
5213 35
5214 36
5215 36
5216 36
5217 36
5218 36
5219 36
5220 36
5221 36
5222 36
5223 37
5224 37
5225 37
5226 37
5227 0
5228 0
5229 0
5230 0
5231 0
5232 0
5233 0
5234 0
5235 0
5236 0
5237 0
5238 0
5239 0
5240 0
5241 0
5242 0
5243 0
5244 0
5245 0
5246 0
5247 0
5248 0
5249 0
5250 0
5251 0
5252 0
5253 0
5254 0
5255 0
5256 0
5257 0
5258 0
5259 0
5260 0
5261 0
5262 0
5263 0
5264 0
5265 0
5266 0
5267 0
5268 0
5269 0
5270 0
5271 0
5272 0
5273 0
5274 0
5275 0
5276 0
5277 0
5278 0
5279 0
5280 34
5281 34
5282 34
5283 34
5284 34
5285 35
5286 35
5287 35
5288 35
5289 35
5290 36
5291 36
5292 36
5293 36
5294 37
5295 37
5296 37
5297 37
5298 37
5299 38
5300 38
5301 38
5302 38
5303 38
5304 39
5305 39
5306 39
5307 39
5308 39
5309 40
5310 40
5311 40
5312 40
5313 41
5314 41
5315 41
5316 41
5317 41
5318 42
5319 42
5320 42
5321 42
5322 42
5323 43
5324 43
5325 43
5326 43
5327 44
5328 44
5329 44
5330 44
5331 44
5332 45
5333 45
5334 45
5335 45
5336 45
5337 46
5338 46
5339 46
5340 46
5341 47
5342 47
5343 47
5344 47
5345 47
5346 48
5347 48
5348 48
5349 48
5350 48
5351 49
5352 49
5353 49
5354 49
5355 0
5356 0
5357 0
5358 0
5359 0
5360 0
5361 0
5362 0
5363 0
5364 0
5365 0
5366 0
5367 0
5368 0
5369 0
5370 0
5371 0
5372 0
5373 0
5374 0
5375 0
5376 0
5377 0
5378 0
5379 0
5380 0
5381 0
5382 0
5383 0
5384 0
5385 0
5386 0
5387 0
5388 0
5389 0
5390 0
5391 0
5392 0
5393 0
5394 0
5395 0
5396 0
5397 0
5398 0
5399 0
5400 0
5401 0
5402 0
5403 0
5404 0
5405 0
5406 0
5407 0
5408 0
5409 0
5410 0
5411 0
5412 0
5413 0
5414 0
5415 0
5416 0
5417 0
5418 0
5419 0
5420 0
5421 0
5422 0
5423 0
5424 0
5425 0
5426 0
5427 0
5428 0
5429 0
5430 0
5431 0
5432 0
5433 0
5434 0
5435 0
5436 0
5437 0
5438 0
5439 0
5440 0
5441 0
5442 0
5443 0
5444 0
5445 0
5446 0
5447 0
5448 0
5449 0
5450 0
5451 0
5452 0
5453 0
5454 0
5455 0
5456 0
5457 0
5458 0
5459 0
5460 0
5461 0
5462 0
5463 0
5464 0
5465 0
5466 0
5467 0
5468 0
5469 0
5470 0
5471 0
5472 0
5473 0
5474 0
5475 0
5476 0
5477 0
5478 0
5479 0
5480 0
5481 0
5482 0
5483 0
5484 0
5485 0
5486 0
5487 0
5488 0
5489 0
5490 0
5491 0
5492 0
5493 0
5494 0
5495 0
5496 0
5497 0
5498 0
5499 0
5500 0
5501 0
5502 0
5503 0
5504 0
5505 0
5506 0
5507 0
5508 0
5509 0
5510 0
5511 0
5512 0
5513 0
5514 0
5515 0
5516 0
5517 0
5518 0
5519 0
5520 0
5521 0
5522 0
5523 0
5524 0
5525 0
5526 0
5527 0
5528 0
5529 0
5530 0
5531 0
5532 0
5533 0
5534 0
5535 0
5536 0
5537 0
5538 0
5539 0
5540 0
5541 0
5542 0
5543 0
5544 0
5545 0
5546 0
5547 0
5548 0
5549 0
5550 0
5551 0
5552 0
5553 0
5554 0
5555 0
5556 0
5557 0
5558 0
5559 0
5560 0
5561 0
5562 0
5563 0
5564 0
5565 0
5566 0
5567 0
5568 0
5569 0
5570 0
5571 0
5572 0
5573 0
5574 0
5575 0
5576 0
5577 0
5578 0
5579 0
5580 0
5581 0
5582 0
5583 0
5584 0
5585 0
5586 0
5587 0
5588 0
5589 0
5590 0
5591 0
5592 0
5593 0
5594 0
5595 0
5596 0
5597 0
5598 0
5599 0
5600 0
5601 0
5602 0
5603 0
5604 0
5605 0
5606 0
5607 0
5608 0
5609 0
5610 0
5611 0
5612 0
5613 0
5614 0
5615 0
5616 0
5617 0
5618 0
5619 0
5620 0
5621 0
5622 0
5623 0
5624 0
5625 0
5626 0
5627 0
5628 0
5629 0
5630 0
5631 0
5632 0
5633 0
5634 0
5635 0
5636 0
5637 0
5638 0
5639 0
5640 0
5641 0
5642 0
5643 0
5644 0
5645 0
5646 0
5647 0
5648 0
5649 0
5650 0
5651 0
5652 0
5653 0
5654 0
5655 0
5656 0
5657 0
5658 0
5659 0
5660 0
5661 0
5662 0
5663 0
