# LUT for tau iso WP 70
# a compression block is followed by the LUT content
# LUT content is structured an eta-Et-nTT structure
#<header> V1 13 9 </header>
0 0
1 0
2 0
3 0
4 0
5 0
6 0
7 0
8 0
9 0
10 0
11 0
12 0
13 0
14 0
15 0
16 1
17 1
18 1
19 2
20 2
21 2
22 3
23 3
24 3
25 3
26 3
27 3
28 3
29 3
30 3
31 3
32 0
33 0
34 0
35 0
36 0
37 0
38 0
39 0
40 0
41 0
42 0
43 0
44 0
45 0
46 0
47 0
48 0
49 0
50 0
51 0
52 0
53 0
54 0
55 0
56 0
57 0
58 0
59 0
60 0
61 0
62 0
63 0
64 0
65 0
66 0
67 0
68 0
69 0
70 0
71 0
72 0
73 0
74 0
75 0
76 0
77 0
78 0
79 0
80 0
81 0
82 0
83 0
84 0
85 0
86 0
87 0
88 0
89 0
90 0
91 0
92 1
93 1
94 1
95 1
96 1
97 1
98 1
99 1
100 1
101 1
102 1
103 1
104 1
105 1
106 1
107 1
108 1
109 1
110 1
111 1
112 1
113 1
114 1
115 1
116 1
117 1
118 1
119 1
120 1
121 1
122 1
123 1
124 1
125 1
126 1
127 1
128 1
129 1
130 1
131 1
132 2
133 2
134 2
135 2
136 2
137 2
138 2
139 2
140 2
141 2
142 2
143 2
144 2
145 2
146 2
147 2
148 2
149 2
150 2
151 2
152 2
153 2
154 2
155 2
156 2
157 2
158 2
159 2
160 2
161 2
162 2
163 2
164 2
165 2
166 2
167 2
168 2
169 2
170 2
171 2
172 3
173 3
174 3
175 3
176 3
177 3
178 3
179 3
180 3
181 3
182 3
183 3
184 3
185 3
186 3
187 3
188 3
189 3
190 3
191 3
192 3
193 3
194 3
195 3
196 3
197 3
198 3
199 3
200 3
201 3
202 3
203 3
204 3
205 3
206 3
207 3
208 3
209 3
210 3
211 3
212 4
213 4
214 4
215 4
216 4
217 4
218 4
219 4
220 4
221 4
222 4
223 4
224 4
225 4
226 4
227 4
228 4
229 4
230 4
231 4
232 4
233 4
234 4
235 4
236 4
237 4
238 4
239 4
240 4
241 4
242 4
243 4
244 4
245 4
246 4
247 4
248 4
249 4
250 4
251 4
252 5
253 5
254 5
255 5
256 5
257 5
258 5
259 5
260 5
261 5
262 5
263 5
264 5
265 5
266 5
267 5
268 5
269 5
270 5
271 5
272 5
273 5
274 5
275 5
276 5
277 5
278 5
279 5
280 5
281 5
282 5
283 5
284 5
285 5
286 5
287 5
288 5
289 5
290 5
291 5
292 5
293 5
294 5
295 5
296 5
297 5
298 5
299 5
300 5
301 5
302 5
303 5
304 5
305 5
306 5
307 5
308 5
309 5
310 5
311 5
312 5
313 5
314 5
315 5
316 5
317 5
318 5
319 5
320 5
321 5
322 5
323 5
324 5
325 5
326 5
327 5
328 5
329 5
330 5
331 5
332 5
333 5
334 5
335 5
336 5
337 5
338 5
339 5
340 5
341 5
342 5
343 5
344 5
345 5
346 5
347 5
348 5
349 5
350 5
351 5
352 5
353 5
354 5
355 5
356 5
357 5
358 5
359 5
360 5
361 5
362 5
363 5
364 5
365 5
366 5
367 5
368 5
369 5
370 5
371 5
372 5
373 5
374 5
375 5
376 5
377 5
378 5
379 5
380 5
381 5
382 5
383 5
384 5
385 5
386 5
387 5
388 5
389 5
390 5
391 5
392 5
393 5
394 5
395 5
396 5
397 5
398 5
399 5
400 5
401 5
402 5
403 5
404 5
405 5
406 5
407 5
408 5
409 5
410 5
411 5
412 5
413 5
414 5
415 5
416 5
417 5
418 5
419 5
420 5
421 5
422 5
423 5
424 5
425 5
426 5
427 5
428 5
429 5
430 5
431 5
432 5
433 5
434 5
435 5
436 5
437 5
438 5
439 5
440 5
441 5
442 5
443 5
444 5
445 5
446 5
447 5
448 5
449 5
450 5
451 5
452 5
453 5
454 5
455 5
456 5
457 5
458 5
459 5
460 5
461 5
462 5
463 5
464 5
465 5
466 5
467 5
468 5
469 5
470 5
471 5
472 5
473 5
474 5
475 5
476 5
477 5
478 5
479 5
480 5
481 5
482 5
483 5
484 5
485 5
486 5
487 5
488 5
489 5
490 5
491 5
492 5
493 5
494 5
495 5
496 5
497 5
498 5
499 5
500 5
501 5
502 5
503 5
504 5
505 5
506 5
507 5
508 5
509 5
510 5
511 5
512 5
513 5
514 5
515 5
516 5
517 5
518 5
519 5
520 5
521 5
522 5
523 5
524 5
525 5
526 5
527 5
528 5
529 5
530 5
531 5
532 5
533 5
534 5
535 5
536 5
537 5
538 5
539 5
540 5
541 5
542 5
543 5
544 0
545 0
546 1
547 1
548 2
549 2
550 3
551 3
552 4
553 4
554 5
555 5
556 6
557 6
558 7
559 7
560 8
561 8
562 9
563 9
564 10
565 10
566 11
567 11
568 12
569 12
570 13
571 13
572 14
573 14
574 15
575 15
576 16
577 16
578 17
579 17
580 18
581 18
582 19
583 19
584 20
585 20
586 21
587 21
588 22
589 22
590 23
591 23
592 24
593 24
594 25
595 25
596 26
597 26
598 27
599 27
600 28
601 28
602 29
603 29
604 30
605 30
606 31
607 31
608 32
609 32
610 33
611 33
612 34
613 34
614 35
615 35
616 36
617 36
618 37
619 37
620 38
621 38
622 39
623 39
624 40
625 40
626 41
627 41
628 42
629 42
630 43
631 43
632 44
633 44
634 45
635 45
636 46
637 46
638 47
639 47
640 48
641 48
642 49
643 49
644 50
645 50
646 51
647 51
648 52
649 52
650 53
651 53
652 54
653 54
654 55
655 55
656 56
657 56
658 57
659 57
660 58
661 58
662 59
663 59
664 60
665 60
666 61
667 61
668 62
669 62
670 63
671 63
672 64
673 64
674 65
675 65
676 66
677 66
678 67
679 67
680 68
681 68
682 69
683 69
684 70
685 70
686 71
687 71
688 72
689 72
690 73
691 73
692 74
693 74
694 74
695 74
696 74
697 74
698 74
699 74
700 74
701 74
702 74
703 74
704 74
705 74
706 74
707 74
708 74
709 74
710 74
711 74
712 74
713 74
714 74
715 74
716 74
717 74
718 74
719 74
720 74
721 74
722 74
723 74
724 74
725 74
726 74
727 74
728 74
729 74
730 74
731 74
732 74
733 74
734 74
735 74
736 74
737 74
738 74
739 74
740 74
741 74
742 74
743 74
744 74
745 74
746 74
747 74
748 74
749 74
750 74
751 74
752 74
753 74
754 74
755 74
756 74
757 74
758 74
759 74
760 74
761 74
762 74
763 74
764 74
765 74
766 74
767 74
768 74
769 74
770 74
771 74
772 74
773 74
774 74
775 74
776 74
777 74
778 74
779 74
780 74
781 74
782 74
783 74
784 74
785 74
786 74
787 74
788 74
789 74
790 74
791 74
792 74
793 74
794 74
795 74
796 74
797 74
798 74
799 74
800 74
801 74
802 74
803 74
804 74
805 74
806 74
807 74
808 74
809 74
810 74
811 74
812 74
813 74
814 74
815 74
816 74
817 74
818 74
819 74
820 74
821 74
822 74
823 74
824 74
825 74
826 74
827 74
828 74
829 74
830 74
831 74
832 74
833 74
834 74
835 74
836 74
837 74
838 74
839 74
840 74
841 74
842 74
843 74
844 74
845 74
846 74
847 74
848 74
849 74
850 74
851 74
852 74
853 74
854 74
855 74
856 74
857 74
858 74
859 74
860 74
861 74
862 74
863 74
864 74
865 74
866 74
867 74
868 74
869 74
870 74
871 74
872 74
873 74
874 74
875 74
876 74
877 74
878 74
879 74
880 74
881 74
882 74
883 74
884 74
885 74
886 74
887 74
888 74
889 74
890 74
891 74
892 74
893 74
894 74
895 74
896 74
897 74
898 74
899 74
900 74
901 74
902 74
903 74
904 74
905 74
906 74
907 74
908 74
909 74
910 74
911 74
912 74
913 74
914 74
915 74
916 74
917 74
918 74
919 74
920 74
921 74
922 74
923 74
924 74
925 74
926 74
927 74
928 74
929 74
930 74
931 74
932 74
933 74
934 74
935 74
936 74
937 74
938 74
939 74
940 74
941 74
942 74
943 74
944 74
945 74
946 74
947 74
948 74
949 74
950 74
951 74
952 74
953 74
954 74
955 74
956 74
957 74
958 74
959 74
960 74
961 74
962 74
963 74
964 74
965 74
966 74
967 74
968 74
969 74
970 74
971 74
972 74
973 74
974 74
975 74
976 74
977 74
978 74
979 74
980 74
981 74
982 74
983 74
984 74
985 74
986 74
987 74
988 74
989 74
990 74
991 74
992 74
993 74
994 74
995 74
996 74
997 74
998 74
999 74
1000 74
1001 74
1002 74
1003 74
1004 74
1005 74
1006 74
1007 74
1008 74
1009 74
1010 74
1011 74
1012 74
1013 74
1014 74
1015 74
1016 74
1017 74
1018 74
1019 74
1020 74
1021 74
1022 74
1023 74
1024 74
1025 74
1026 74
1027 74
1028 74
1029 74
1030 74
1031 74
1032 74
1033 74
1034 74
1035 74
1036 74
1037 74
1038 74
1039 74
1040 74
1041 74
1042 74
1043 74
1044 74
1045 74
1046 74
1047 74
1048 74
1049 74
1050 74
1051 74
1052 74
1053 74
1054 74
1055 74
1056 74
1057 74
1058 74
1059 74
1060 74
1061 74
1062 74
1063 74
1064 74
1065 74
1066 74
1067 74
1068 74
1069 74
1070 74
1071 74
1072 74
1073 74
1074 74
1075 74
1076 74
1077 74
1078 74
1079 74
1080 74
1081 74
1082 74
1083 74
1084 74
1085 74
1086 74
1087 74
1088 74
1089 74
1090 74
1091 74
1092 74
1093 74
1094 74
1095 74
1096 74
1097 74
1098 74
1099 74
1100 74
1101 74
1102 74
1103 74
1104 74
1105 74
1106 74
1107 74
1108 74
1109 74
1110 74
1111 74
1112 74
1113 74
1114 74
1115 74
1116 74
1117 74
1118 74
1119 74
1120 74
1121 74
1122 74
1123 74
1124 74
1125 74
1126 74
1127 74
1128 74
1129 74
1130 74
1131 74
1132 74
1133 74
1134 74
1135 74
1136 74
1137 74
1138 74
1139 74
1140 74
1141 74
1142 74
1143 74
1144 74
1145 74
1146 74
1147 74
1148 74
1149 74
1150 74
1151 74
1152 74
1153 74
1154 74
1155 74
1156 74
1157 74
1158 74
1159 74
1160 74
1161 74
1162 74
1163 74
1164 74
1165 74
1166 74
1167 74
1168 74
1169 74
1170 74
1171 74
1172 74
1173 74
1174 74
1175 74
1176 74
1177 74
1178 74
1179 74
1180 74
1181 74
1182 74
1183 74
1184 74
1185 74
1186 74
1187 74
1188 74
1189 74
1190 74
1191 74
1192 74
1193 74
1194 74
1195 74
1196 74
1197 74
1198 74
1199 74
1200 74
1201 74
1202 74
1203 74
1204 74
1205 74
1206 74
1207 74
1208 74
1209 74
1210 74
1211 74
1212 74
1213 74
1214 74
1215 74
1216 74
1217 74
1218 74
1219 74
1220 74
1221 74
1222 74
1223 74
1224 74
1225 74
1226 74
1227 74
1228 74
1229 74
1230 74
1231 74
1232 74
1233 74
1234 74
1235 74
1236 74
1237 74
1238 74
1239 74
1240 74
1241 74
1242 74
1243 74
1244 74
1245 74
1246 74
1247 74
1248 74
1249 74
1250 74
1251 74
1252 74
1253 74
1254 74
1255 74
1256 74
1257 74
1258 74
1259 74
1260 74
1261 74
1262 74
1263 74
1264 74
1265 74
1266 74
1267 74
1268 74
1269 74
1270 74
1271 74
1272 74
1273 74
1274 74
1275 74
1276 74
1277 74
1278 74
1279 74
1280 74
1281 74
1282 74
1283 74
1284 74
1285 74
1286 74
1287 74
1288 74
1289 74
1290 74
1291 74
1292 74
1293 74
1294 74
1295 74
1296 74
1297 74
1298 74
1299 74
1300 74
1301 74
1302 74
1303 74
1304 74
1305 74
1306 74
1307 74
1308 74
1309 74
1310 74
1311 74
1312 74
1313 74
1314 74
1315 74
1316 74
1317 74
1318 74
1319 74
1320 74
1321 74
1322 74
1323 74
1324 74
1325 74
1326 74
1327 74
1328 74
1329 74
1330 74
1331 74
1332 74
1333 74
1334 74
1335 74
1336 74
1337 74
1338 74
1339 74
1340 74
1341 74
1342 74
1343 74
1344 74
1345 74
1346 74
1347 74
1348 74
1349 74
1350 74
1351 74
1352 74
1353 74
1354 74
1355 74
1356 74
1357 74
1358 74
1359 74
1360 74
1361 74
1362 74
1363 74
1364 74
1365 74
1366 74
1367 74
1368 74
1369 74
1370 74
1371 74
1372 74
1373 74
1374 74
1375 74
1376 74
1377 74
1378 74
1379 74
1380 74
1381 74
1382 74
1383 74
1384 74
1385 74
1386 74
1387 74
1388 74
1389 74
1390 74
1391 74
1392 74
1393 74
1394 74
1395 74
1396 74
1397 74
1398 74
1399 74
1400 74
1401 74
1402 74
1403 74
1404 74
1405 74
1406 74
1407 74
1408 74
1409 74
1410 74
1411 74
1412 74
1413 74
1414 74
1415 74
1416 74
1417 74
1418 74
1419 74
1420 74
1421 74
1422 74
1423 74
1424 74
1425 74
1426 74
1427 74
1428 74
1429 74
1430 74
1431 74
1432 74
1433 74
1434 74
1435 74
1436 74
1437 74
1438 74
1439 74
1440 74
1441 74
1442 74
1443 74
1444 74
1445 74
1446 74
1447 74
1448 74
1449 74
1450 74
1451 74
1452 74
1453 74
1454 74
1455 74
1456 74
1457 74
1458 74
1459 74
1460 74
1461 74
1462 74
1463 74
1464 74
1465 74
1466 74
1467 74
1468 74
1469 74
1470 74
1471 74
1472 74
1473 74
1474 74
1475 74
1476 74
1477 74
1478 74
1479 74
1480 74
1481 74
1482 74
1483 74
1484 74
1485 74
1486 74
1487 74
1488 74
1489 74
1490 74
1491 74
1492 74
1493 74
1494 74
1495 74
1496 74
1497 74
1498 74
1499 74
1500 74
1501 74
1502 74
1503 74
1504 74
1505 74
1506 74
1507 74
1508 74
1509 74
1510 74
1511 74
1512 74
1513 74
1514 74
1515 74
1516 74
1517 74
1518 74
1519 74
1520 74
1521 74
1522 74
1523 74
1524 74
1525 74
1526 74
1527 74
1528 74
1529 74
1530 74
1531 74
1532 74
1533 74
1534 74
1535 74
1536 74
1537 74
1538 74
1539 74
1540 74
1541 74
1542 74
1543 74
1544 74
1545 74
1546 74
1547 74
1548 74
1549 74
1550 74
1551 74
1552 74
1553 74
1554 74
1555 74
1556 74
1557 74
1558 74
1559 74
1560 74
1561 74
1562 74
1563 74
1564 74
1565 74
1566 74
1567 74
1568 6
1569 6
1570 6
1571 6
1572 6
1573 6
1574 7
1575 7
1576 7
1577 7
1578 7
1579 7
1580 8
1581 8
1582 8
1583 8
1584 8
1585 8
1586 9
1587 9
1588 9
1589 9
1590 9
1591 9
1592 10
1593 10
1594 10
1595 10
1596 10
1597 10
1598 11
1599 11
1600 11
1601 11
1602 11
1603 11
1604 12
1605 12
1606 12
1607 12
1608 12
1609 12
1610 12
1611 13
1612 13
1613 13
1614 13
1615 13
1616 13
1617 14
1618 14
1619 14
1620 14
1621 14
1622 14
1623 15
1624 15
1625 15
1626 15
1627 15
1628 15
1629 16
1630 16
1631 16
1632 16
1633 16
1634 16
1635 17
1636 17
1637 17
1638 17
1639 17
1640 17
1641 18
1642 18
1643 0
1644 0
1645 0
1646 0
1647 0
1648 0
1649 0
1650 0
1651 0
1652 0
1653 0
1654 0
1655 0
1656 0
1657 0
1658 0
1659 0
1660 0
1661 0
1662 0
1663 0
1664 0
1665 0
1666 0
1667 0
1668 0
1669 0
1670 0
1671 0
1672 0
1673 0
1674 0
1675 0
1676 0
1677 0
1678 0
1679 0
1680 0
1681 0
1682 0
1683 0
1684 0
1685 0
1686 0
1687 0
1688 0
1689 0
1690 0
1691 0
1692 0
1693 0
1694 0
1695 0
1696 6
1697 7
1698 7
1699 7
1700 7
1701 7
1702 7
1703 7
1704 8
1705 8
1706 8
1707 8
1708 8
1709 8
1710 8
1711 9
1712 9
1713 9
1714 9
1715 9
1716 9
1717 9
1718 10
1719 10
1720 10
1721 10
1722 10
1723 10
1724 10
1725 11
1726 11
1727 11
1728 11
1729 11
1730 11
1731 11
1732 12
1733 12
1734 12
1735 12
1736 12
1737 12
1738 12
1739 13
1740 13
1741 13
1742 13
1743 13
1744 13
1745 13
1746 14
1747 14
1748 14
1749 14
1750 14
1751 14
1752 14
1753 15
1754 15
1755 15
1756 15
1757 15
1758 15
1759 15
1760 16
1761 16
1762 16
1763 16
1764 16
1765 16
1766 16
1767 17
1768 17
1769 17
1770 17
1771 0
1772 0
1773 0
1774 0
1775 0
1776 0
1777 0
1778 0
1779 0
1780 0
1781 0
1782 0
1783 0
1784 0
1785 0
1786 0
1787 0
1788 0
1789 0
1790 0
1791 0
1792 0
1793 0
1794 0
1795 0
1796 0
1797 0
1798 0
1799 0
1800 0
1801 0
1802 0
1803 0
1804 0
1805 0
1806 0
1807 0
1808 0
1809 0
1810 0
1811 0
1812 0
1813 0
1814 0
1815 0
1816 0
1817 0
1818 0
1819 0
1820 0
1821 0
1822 0
1823 0
1824 7
1825 7
1826 7
1827 7
1828 7
1829 8
1830 8
1831 8
1832 8
1833 8
1834 8
1835 8
1836 9
1837 9
1838 9
1839 9
1840 9
1841 9
1842 10
1843 10
1844 10
1845 10
1846 10
1847 10
1848 11
1849 11
1850 11
1851 11
1852 11
1853 11
1854 11
1855 12
1856 12
1857 12
1858 12
1859 12
1860 12
1861 13
1862 13
1863 13
1864 13
1865 13
1866 13
1867 14
1868 14
1869 14
1870 14
1871 14
1872 14
1873 14
1874 15
1875 15
1876 15
1877 15
1878 15
1879 15
1880 16
1881 16
1882 16
1883 16
1884 16
1885 16
1886 17
1887 17
1888 17
1889 17
1890 17
1891 17
1892 17
1893 18
1894 18
1895 18
1896 18
1897 18
1898 18
1899 0
1900 0
1901 0
1902 0
1903 0
1904 0
1905 0
1906 0
1907 0
1908 0
1909 0
1910 0
1911 0
1912 0
1913 0
1914 0
1915 0
1916 0
1917 0
1918 0
1919 0
1920 0
1921 0
1922 0
1923 0
1924 0
1925 0
1926 0
1927 0
1928 0
1929 0
1930 0
1931 0
1932 0
1933 0
1934 0
1935 0
1936 0
1937 0
1938 0
1939 0
1940 0
1941 0
1942 0
1943 0
1944 0
1945 0
1946 0
1947 0
1948 0
1949 0
1950 0
1951 0
1952 7
1953 8
1954 8
1955 8
1956 8
1957 8
1958 8
1959 9
1960 9
1961 9
1962 9
1963 9
1964 10
1965 10
1966 10
1967 10
1968 10
1969 11
1970 11
1971 11
1972 11
1973 11
1974 11
1975 12
1976 12
1977 12
1978 12
1979 12
1980 13
1981 13
1982 13
1983 13
1984 13
1985 14
1986 14
1987 14
1988 14
1989 14
1990 15
1991 15
1992 15
1993 15
1994 15
1995 15
1996 16
1997 16
1998 16
1999 16
2000 16
2001 17
2002 17
2003 17
2004 17
2005 17
2006 18
2007 18
2008 18
2009 18
2010 18
2011 18
2012 19
2013 19
2014 19
2015 19
2016 19
2017 20
2018 20
2019 20
2020 20
2021 20
2022 21
2023 21
2024 21
2025 21
2026 21
2027 0
2028 0
2029 0
2030 0
2031 0
2032 0
2033 0
2034 0
2035 0
2036 0
2037 0
2038 0
2039 0
2040 0
2041 0
2042 0
2043 0
2044 0
2045 0
2046 0
2047 0
2048 0
2049 0
2050 0
2051 0
2052 0
2053 0
2054 0
2055 0
2056 0
2057 0
2058 0
2059 0
2060 0
2061 0
2062 0
2063 0
2064 0
2065 0
2066 0
2067 0
2068 0
2069 0
2070 0
2071 0
2072 0
2073 0
2074 0
2075 0
2076 0
2077 0
2078 0
2079 0
2080 9
2081 9
2082 9
2083 9
2084 9
2085 10
2086 10
2087 10
2088 10
2089 10
2090 10
2091 11
2092 11
2093 11
2094 11
2095 11
2096 11
2097 11
2098 12
2099 12
2100 12
2101 12
2102 12
2103 12
2104 13
2105 13
2106 13
2107 13
2108 13
2109 13
2110 13
2111 14
2112 14
2113 14
2114 14
2115 14
2116 14
2117 15
2118 15
2119 15
2120 15
2121 15
2122 15
2123 15
2124 16
2125 16
2126 16
2127 16
2128 16
2129 16
2130 17
2131 17
2132 17
2133 17
2134 17
2135 17
2136 17
2137 18
2138 18
2139 18
2140 18
2141 18
2142 18
2143 19
2144 19
2145 19
2146 19
2147 19
2148 19
2149 19
2150 20
2151 20
2152 20
2153 20
2154 20
2155 0
2156 0
2157 0
2158 0
2159 0
2160 0
2161 0
2162 0
2163 0
2164 0
2165 0
2166 0
2167 0
2168 0
2169 0
2170 0
2171 0
2172 0
2173 0
2174 0
2175 0
2176 0
2177 0
2178 0
2179 0
2180 0
2181 0
2182 0
2183 0
2184 0
2185 0
2186 0
2187 0
2188 0
2189 0
2190 0
2191 0
2192 0
2193 0
2194 0
2195 0
2196 0
2197 0
2198 0
2199 0
2200 0
2201 0
2202 0
2203 0
2204 0
2205 0
2206 0
2207 0
2208 9
2209 10
2210 10
2211 10
2212 10
2213 10
2214 11
2215 11
2216 11
2217 11
2218 11
2219 11
2220 12
2221 12
2222 12
2223 12
2224 12
2225 13
2226 13
2227 13
2228 13
2229 13
2230 13
2231 14
2232 14
2233 14
2234 14
2235 14
2236 15
2237 15
2238 15
2239 15
2240 15
2241 16
2242 16
2243 16
2244 16
2245 16
2246 16
2247 17
2248 17
2249 17
2250 17
2251 17
2252 18
2253 18
2254 18
2255 18
2256 18
2257 18
2258 19
2259 19
2260 19
2261 19
2262 19
2263 20
2264 20
2265 20
2266 20
2267 20
2268 21
2269 21
2270 21
2271 21
2272 21
2273 21
2274 22
2275 22
2276 22
2277 22
2278 22
2279 23
2280 23
2281 23
2282 23
2283 0
2284 0
2285 0
2286 0
2287 0
2288 0
2289 0
2290 0
2291 0
2292 0
2293 0
2294 0
2295 0
2296 0
2297 0
2298 0
2299 0
2300 0
2301 0
2302 0
2303 0
2304 0
2305 0
2306 0
2307 0
2308 0
2309 0
2310 0
2311 0
2312 0
2313 0
2314 0
2315 0
2316 0
2317 0
2318 0
2319 0
2320 0
2321 0
2322 0
2323 0
2324 0
2325 0
2326 0
2327 0
2328 0
2329 0
2330 0
2331 0
2332 0
2333 0
2334 0
2335 0
2336 0
2337 0
2338 0
2339 0
2340 0
2341 0
2342 0
2343 0
2344 0
2345 0
2346 0
2347 0
2348 0
2349 0
2350 0
2351 0
2352 0
2353 0
2354 0
2355 0
2356 0
2357 0
2358 0
2359 0
2360 0
2361 0
2362 0
2363 0
2364 0
2365 0
2366 0
2367 0
2368 0
2369 0
2370 0
2371 0
2372 0
2373 0
2374 0
2375 0
2376 0
2377 0
2378 0
2379 0
2380 0
2381 0
2382 0
2383 0
2384 0
2385 0
2386 0
2387 0
2388 0
2389 0
2390 0
2391 0
2392 0
2393 0
2394 0
2395 0
2396 0
2397 0
2398 0
2399 0
2400 0
2401 0
2402 0
2403 0
2404 0
2405 0
2406 0
2407 0
2408 0
2409 0
2410 0
2411 0
2412 0
2413 0
2414 0
2415 0
2416 0
2417 0
2418 0
2419 0
2420 0
2421 0
2422 0
2423 0
2424 0
2425 0
2426 0
2427 0
2428 0
2429 0
2430 0
2431 0
2432 0
2433 0
2434 0
2435 0
2436 0
2437 0
2438 0
2439 0
2440 0
2441 0
2442 0
2443 0
2444 0
2445 0
2446 0
2447 0
2448 0
2449 0
2450 0
2451 0
2452 0
2453 0
2454 0
2455 0
2456 0
2457 0
2458 0
2459 0
2460 0
2461 0
2462 0
2463 0
2464 0
2465 0
2466 0
2467 0
2468 0
2469 0
2470 0
2471 0
2472 0
2473 0
2474 0
2475 0
2476 0
2477 0
2478 0
2479 0
2480 0
2481 0
2482 0
2483 0
2484 0
2485 0
2486 0
2487 0
2488 0
2489 0
2490 0
2491 0
2492 0
2493 0
2494 0
2495 0
2496 0
2497 0
2498 0
2499 0
2500 0
2501 0
2502 0
2503 0
2504 0
2505 0
2506 0
2507 0
2508 0
2509 0
2510 0
2511 0
2512 0
2513 0
2514 0
2515 0
2516 0
2517 0
2518 0
2519 0
2520 0
2521 0
2522 0
2523 0
2524 0
2525 0
2526 0
2527 0
2528 0
2529 0
2530 0
2531 0
2532 0
2533 0
2534 0
2535 0
2536 0
2537 0
2538 0
2539 0
2540 0
2541 0
2542 0
2543 0
2544 0
2545 0
2546 0
2547 0
2548 0
2549 0
2550 0
2551 0
2552 0
2553 0
2554 0
2555 0
2556 0
2557 0
2558 0
2559 0
2560 0
2561 0
2562 0
2563 0
2564 0
2565 0
2566 0
2567 0
2568 0
2569 0
2570 0
2571 0
2572 0
2573 0
2574 0
2575 0
2576 0
2577 0
2578 0
2579 0
2580 0
2581 0
2582 0
2583 0
2584 0
2585 0
2586 0
2587 0
2588 0
2589 0
2590 0
2591 0
2592 9
2593 9
2594 10
2595 10
2596 10
2597 10
2598 10
2599 10
2600 10
2601 10
2602 10
2603 10
2604 10
2605 10
2606 10
2607 10
2608 10
2609 10
2610 10
2611 10
2612 10
2613 10
2614 10
2615 10
2616 10
2617 10
2618 11
2619 11
2620 11
2621 11
2622 11
2623 11
2624 11
2625 11
2626 11
2627 11
2628 11
2629 11
2630 11
2631 11
2632 11
2633 11
2634 11
2635 11
2636 11
2637 11
2638 11
2639 11
2640 11
2641 11
2642 12
2643 12
2644 12
2645 12
2646 12
2647 12
2648 12
2649 12
2650 12
2651 12
2652 12
2653 12
2654 12
2655 12
2656 12
2657 12
2658 12
2659 12
2660 12
2661 12
2662 12
2663 12
2664 12
2665 13
2666 13
2667 0
2668 0
2669 0
2670 0
2671 0
2672 0
2673 0
2674 0
2675 0
2676 0
2677 0
2678 0
2679 0
2680 0
2681 0
2682 0
2683 0
2684 0
2685 0
2686 0
2687 0
2688 0
2689 0
2690 0
2691 0
2692 0
2693 0
2694 0
2695 0
2696 0
2697 0
2698 0
2699 0
2700 0
2701 0
2702 0
2703 0
2704 0
2705 0
2706 0
2707 0
2708 0
2709 0
2710 0
2711 0
2712 0
2713 0
2714 0
2715 0
2716 0
2717 0
2718 0
2719 0
2720 9
2721 9
2722 9
2723 9
2724 9
2725 10
2726 10
2727 10
2728 10
2729 10
2730 10
2731 10
2732 10
2733 10
2734 10
2735 11
2736 11
2737 11
2738 11
2739 11
2740 11
2741 11
2742 11
2743 11
2744 12
2745 12
2746 12
2747 12
2748 12
2749 12
2750 12
2751 12
2752 12
2753 12
2754 13
2755 13
2756 13
2757 13
2758 13
2759 13
2760 13
2761 13
2762 13
2763 13
2764 14
2765 14
2766 14
2767 14
2768 14
2769 14
2770 14
2771 14
2772 14
2773 15
2774 15
2775 15
2776 15
2777 15
2778 15
2779 15
2780 15
2781 15
2782 15
2783 16
2784 16
2785 16
2786 16
2787 16
2788 16
2789 16
2790 16
2791 16
2792 16
2793 17
2794 17
2795 0
2796 0
2797 0
2798 0
2799 0
2800 0
2801 0
2802 0
2803 0
2804 0
2805 0
2806 0
2807 0
2808 0
2809 0
2810 0
2811 0
2812 0
2813 0
2814 0
2815 0
2816 0
2817 0
2818 0
2819 0
2820 0
2821 0
2822 0
2823 0
2824 0
2825 0
2826 0
2827 0
2828 0
2829 0
2830 0
2831 0
2832 0
2833 0
2834 0
2835 0
2836 0
2837 0
2838 0
2839 0
2840 0
2841 0
2842 0
2843 0
2844 0
2845 0
2846 0
2847 0
2848 10
2849 10
2850 10
2851 10
2852 10
2853 10
2854 10
2855 11
2856 11
2857 11
2858 11
2859 11
2860 11
2861 11
2862 11
2863 12
2864 12
2865 12
2866 12
2867 12
2868 12
2869 12
2870 13
2871 13
2872 13
2873 13
2874 13
2875 13
2876 13
2877 14
2878 14
2879 14
2880 14
2881 14
2882 14
2883 14
2884 15
2885 15
2886 15
2887 15
2888 15
2889 15
2890 15
2891 16
2892 16
2893 16
2894 16
2895 16
2896 16
2897 16
2898 17
2899 17
2900 17
2901 17
2902 17
2903 17
2904 17
2905 17
2906 18
2907 18
2908 18
2909 18
2910 18
2911 18
2912 18
2913 19
2914 19
2915 19
2916 19
2917 19
2918 19
2919 19
2920 20
2921 20
2922 20
2923 0
2924 0
2925 0
2926 0
2927 0
2928 0
2929 0
2930 0
2931 0
2932 0
2933 0
2934 0
2935 0
2936 0
2937 0
2938 0
2939 0
2940 0
2941 0
2942 0
2943 0
2944 0
2945 0
2946 0
2947 0
2948 0
2949 0
2950 0
2951 0
2952 0
2953 0
2954 0
2955 0
2956 0
2957 0
2958 0
2959 0
2960 0
2961 0
2962 0
2963 0
2964 0
2965 0
2966 0
2967 0
2968 0
2969 0
2970 0
2971 0
2972 0
2973 0
2974 0
2975 0
2976 12
2977 12
2978 12
2979 12
2980 12
2981 13
2982 13
2983 13
2984 13
2985 13
2986 13
2987 13
2988 13
2989 13
2990 13
2991 14
2992 14
2993 14
2994 14
2995 14
2996 14
2997 14
2998 14
2999 14
3000 15
3001 15
3002 15
3003 15
3004 15
3005 15
3006 15
3007 15
3008 15
3009 15
3010 16
3011 16
3012 16
3013 16
3014 16
3015 16
3016 16
3017 16
3018 16
3019 17
3020 17
3021 17
3022 17
3023 17
3024 17
3025 17
3026 17
3027 17
3028 17
3029 18
3030 18
3031 18
3032 18
3033 18
3034 18
3035 18
3036 18
3037 18
3038 19
3039 19
3040 19
3041 19
3042 19
3043 19
3044 19
3045 19
3046 19
3047 19
3048 20
3049 20
3050 20
3051 0
3052 0
3053 0
3054 0
3055 0
3056 0
3057 0
3058 0
3059 0
3060 0
3061 0
3062 0
3063 0
3064 0
3065 0
3066 0
3067 0
3068 0
3069 0
3070 0
3071 0
3072 0
3073 0
3074 0
3075 0
3076 0
3077 0
3078 0
3079 0
3080 0
3081 0
3082 0
3083 0
3084 0
3085 0
3086 0
3087 0
3088 0
3089 0
3090 0
3091 0
3092 0
3093 0
3094 0
3095 0
3096 0
3097 0
3098 0
3099 0
3100 0
3101 0
3102 0
3103 0
3104 13
3105 13
3106 13
3107 13
3108 14
3109 14
3110 14
3111 14
3112 14
3113 15
3114 15
3115 15
3116 15
3117 15
3118 15
3119 16
3120 16
3121 16
3122 16
3123 16
3124 16
3125 17
3126 17
3127 17
3128 17
3129 17
3130 18
3131 18
3132 18
3133 18
3134 18
3135 18
3136 19
3137 19
3138 19
3139 19
3140 19
3141 20
3142 20
3143 20
3144 20
3145 20
3146 20
3147 21
3148 21
3149 21
3150 21
3151 21
3152 22
3153 22
3154 22
3155 22
3156 22
3157 22
3158 23
3159 23
3160 23
3161 23
3162 23
3163 24
3164 24
3165 24
3166 24
3167 24
3168 24
3169 25
3170 25
3171 25
3172 25
3173 25
3174 25
3175 26
3176 26
3177 26
3178 26
3179 0
3180 0
3181 0
3182 0
3183 0
3184 0
3185 0
3186 0
3187 0
3188 0
3189 0
3190 0
3191 0
3192 0
3193 0
3194 0
3195 0
3196 0
3197 0
3198 0
3199 0
3200 0
3201 0
3202 0
3203 0
3204 0
3205 0
3206 0
3207 0
3208 0
3209 0
3210 0
3211 0
3212 0
3213 0
3214 0
3215 0
3216 0
3217 0
3218 0
3219 0
3220 0
3221 0
3222 0
3223 0
3224 0
3225 0
3226 0
3227 0
3228 0
3229 0
3230 0
3231 0
3232 20
3233 20
3234 20
3235 20
3236 20
3237 20
3238 20
3239 20
3240 20
3241 20
3242 19
3243 19
3244 19
3245 19
3246 19
3247 19
3248 19
3249 19
3250 19
3251 19
3252 19
3253 19
3254 19
3255 19
3256 19
3257 19
3258 18
3259 18
3260 18
3261 18
3262 18
3263 18
3264 18
3265 18
3266 18
3267 18
3268 18
3269 18
3270 18
3271 18
3272 18
3273 17
3274 17
3275 17
3276 17
3277 17
3278 17
3279 17
3280 17
3281 17
3282 17
3283 17
3284 17
3285 17
3286 17
3287 17
3288 17
3289 16
3290 16
3291 16
3292 16
3293 16
3294 16
3295 16
3296 16
3297 16
3298 16
3299 16
3300 16
3301 16
3302 16
3303 16
3304 16
3305 15
3306 15
3307 0
3308 0
3309 0
3310 0
3311 0
3312 0
3313 0
3314 0
3315 0
3316 0
3317 0
3318 0
3319 0
3320 0
3321 0
3322 0
3323 0
3324 0
3325 0
3326 0
3327 0
3328 0
3329 0
3330 0
3331 0
3332 0
3333 0
3334 0
3335 0
3336 0
3337 0
3338 0
3339 0
3340 0
3341 0
3342 0
3343 0
3344 0
3345 0
3346 0
3347 0
3348 0
3349 0
3350 0
3351 0
3352 0
3353 0
3354 0
3355 0
3356 0
3357 0
3358 0
3359 0
3360 0
3361 0
3362 0
3363 0
3364 0
3365 0
3366 0
3367 0
3368 0
3369 0
3370 0
3371 0
3372 0
3373 0
3374 0
3375 0
3376 0
3377 0
3378 0
3379 0
3380 0
3381 0
3382 0
3383 0
3384 0
3385 0
3386 0
3387 0
3388 0
3389 0
3390 0
3391 0
3392 0
3393 0
3394 0
3395 0
3396 0
3397 0
3398 0
3399 0
3400 0
3401 0
3402 0
3403 0
3404 0
3405 0
3406 0
3407 0
3408 0
3409 0
3410 0
3411 0
3412 0
3413 0
3414 0
3415 0
3416 0
3417 0
3418 0
3419 0
3420 0
3421 0
3422 0
3423 0
3424 0
3425 0
3426 0
3427 0
3428 0
3429 0
3430 0
3431 0
3432 0
3433 0
3434 0
3435 0
3436 0
3437 0
3438 0
3439 0
3440 0
3441 0
3442 0
3443 0
3444 0
3445 0
3446 0
3447 0
3448 0
3449 0
3450 0
3451 0
3452 0
3453 0
3454 0
3455 0
3456 0
3457 0
3458 0
3459 0
3460 0
3461 0
3462 0
3463 0
3464 0
3465 0
3466 0
3467 0
3468 0
3469 0
3470 0
3471 0
3472 0
3473 0
3474 0
3475 0
3476 0
3477 0
3478 0
3479 0
3480 0
3481 0
3482 0
3483 0
3484 0
3485 0
3486 0
3487 0
3488 0
3489 0
3490 0
3491 0
3492 0
3493 0
3494 0
3495 0
3496 0
3497 0
3498 0
3499 0
3500 0
3501 0
3502 0
3503 0
3504 0
3505 0
3506 0
3507 0
3508 0
3509 0
3510 0
3511 0
3512 0
3513 0
3514 0
3515 0
3516 0
3517 0
3518 0
3519 0
3520 0
3521 0
3522 0
3523 0
3524 0
3525 0
3526 0
3527 0
3528 0
3529 0
3530 0
3531 0
3532 0
3533 0
3534 0
3535 0
3536 0
3537 0
3538 0
3539 0
3540 0
3541 0
3542 0
3543 0
3544 0
3545 0
3546 0
3547 0
3548 0
3549 0
3550 0
3551 0
3552 0
3553 0
3554 0
3555 0
3556 0
3557 0
3558 0
3559 0
3560 0
3561 0
3562 0
3563 0
3564 0
3565 0
3566 0
3567 0
3568 0
3569 0
3570 0
3571 0
3572 0
3573 0
3574 0
3575 0
3576 0
3577 0
3578 0
3579 0
3580 0
3581 0
3582 0
3583 0
3584 0
3585 0
3586 0
3587 0
3588 0
3589 0
3590 0
3591 0
3592 0
3593 0
3594 0
3595 0
3596 0
3597 0
3598 0
3599 0
3600 0
3601 0
3602 0
3603 0
3604 0
3605 0
3606 0
3607 0
3608 0
3609 0
3610 0
3611 0
3612 0
3613 0
3614 0
3615 0
3616 7
3617 7
3618 7
3619 7
3620 8
3621 8
3622 8
3623 8
3624 8
3625 8
3626 8
3627 8
3628 8
3629 8
3630 9
3631 9
3632 9
3633 9
3634 9
3635 9
3636 9
3637 9
3638 9
3639 9
3640 9
3641 10
3642 10
3643 10
3644 10
3645 10
3646 10
3647 10
3648 10
3649 10
3650 10
3651 11
3652 11
3653 11
3654 11
3655 11
3656 11
3657 11
3658 11
3659 11
3660 11
3661 12
3662 12
3663 12
3664 12
3665 12
3666 12
3667 12
3668 12
3669 12
3670 12
3671 13
3672 13
3673 13
3674 13
3675 13
3676 13
3677 13
3678 13
3679 13
3680 13
3681 14
3682 14
3683 14
3684 14
3685 14
3686 14
3687 14
3688 14
3689 14
3690 14
3691 0
3692 0
3693 0
3694 0
3695 0
3696 0
3697 0
3698 0
3699 0
3700 0
3701 0
3702 0
3703 0
3704 0
3705 0
3706 0
3707 0
3708 0
3709 0
3710 0
3711 0
3712 0
3713 0
3714 0
3715 0
3716 0
3717 0
3718 0
3719 0
3720 0
3721 0
3722 0
3723 0
3724 0
3725 0
3726 0
3727 0
3728 0
3729 0
3730 0
3731 0
3732 0
3733 0
3734 0
3735 0
3736 0
3737 0
3738 0
3739 0
3740 0
3741 0
3742 0
3743 0
3744 8
3745 8
3746 8
3747 8
3748 8
3749 9
3750 9
3751 9
3752 9
3753 9
3754 9
3755 9
3756 9
3757 9
3758 9
3759 10
3760 10
3761 10
3762 10
3763 10
3764 10
3765 10
3766 10
3767 10
3768 11
3769 11
3770 11
3771 11
3772 11
3773 11
3774 11
3775 11
3776 11
3777 11
3778 12
3779 12
3780 12
3781 12
3782 12
3783 12
3784 12
3785 12
3786 12
3787 12
3788 13
3789 13
3790 13
3791 13
3792 13
3793 13
3794 13
3795 13
3796 13
3797 14
3798 14
3799 14
3800 14
3801 14
3802 14
3803 14
3804 14
3805 14
3806 14
3807 15
3808 15
3809 15
3810 15
3811 15
3812 15
3813 15
3814 15
3815 15
3816 15
3817 16
3818 16
3819 0
3820 0
3821 0
3822 0
3823 0
3824 0
3825 0
3826 0
3827 0
3828 0
3829 0
3830 0
3831 0
3832 0
3833 0
3834 0
3835 0
3836 0
3837 0
3838 0
3839 0
3840 0
3841 0
3842 0
3843 0
3844 0
3845 0
3846 0
3847 0
3848 0
3849 0
3850 0
3851 0
3852 0
3853 0
3854 0
3855 0
3856 0
3857 0
3858 0
3859 0
3860 0
3861 0
3862 0
3863 0
3864 0
3865 0
3866 0
3867 0
3868 0
3869 0
3870 0
3871 0
3872 10
3873 10
3874 10
3875 10
3876 10
3877 10
3878 11
3879 11
3880 11
3881 11
3882 11
3883 11
3884 11
3885 11
3886 11
3887 12
3888 12
3889 12
3890 12
3891 12
3892 12
3893 12
3894 12
3895 12
3896 13
3897 13
3898 13
3899 13
3900 13
3901 13
3902 13
3903 13
3904 13
3905 14
3906 14
3907 14
3908 14
3909 14
3910 14
3911 14
3912 14
3913 14
3914 15
3915 15
3916 15
3917 15
3918 15
3919 15
3920 15
3921 15
3922 15
3923 16
3924 16
3925 16
3926 16
3927 16
3928 16
3929 16
3930 16
3931 17
3932 17
3933 17
3934 17
3935 17
3936 17
3937 17
3938 17
3939 17
3940 18
3941 18
3942 18
3943 18
3944 18
3945 18
3946 18
3947 0
3948 0
3949 0
3950 0
3951 0
3952 0
3953 0
3954 0
3955 0
3956 0
3957 0
3958 0
3959 0
3960 0
3961 0
3962 0
3963 0
3964 0
3965 0
3966 0
3967 0
3968 0
3969 0
3970 0
3971 0
3972 0
3973 0
3974 0
3975 0
3976 0
3977 0
3978 0
3979 0
3980 0
3981 0
3982 0
3983 0
3984 0
3985 0
3986 0
3987 0
3988 0
3989 0
3990 0
3991 0
3992 0
3993 0
3994 0
3995 0
3996 0
3997 0
3998 0
3999 0
4000 11
4001 11
4002 11
4003 11
4004 11
4005 11
4006 12
4007 12
4008 12
4009 12
4010 12
4011 12
4012 13
4013 13
4014 13
4015 13
4016 13
4017 13
4018 14
4019 14
4020 14
4021 14
4022 14
4023 14
4024 15
4025 15
4026 15
4027 15
4028 15
4029 15
4030 16
4031 16
4032 16
4033 16
4034 16
4035 16
4036 17
4037 17
4038 17
4039 17
4040 17
4041 17
4042 18
4043 18
4044 18
4045 18
4046 18
4047 18
4048 19
4049 19
4050 19
4051 19
4052 19
4053 19
4054 20
4055 20
4056 20
4057 20
4058 20
4059 20
4060 21
4061 21
4062 21
4063 21
4064 21
4065 21
4066 22
4067 22
4068 22
4069 22
4070 22
4071 22
4072 23
4073 23
4074 23
4075 0
4076 0
4077 0
4078 0
4079 0
4080 0
4081 0
4082 0
4083 0
4084 0
4085 0
4086 0
4087 0
4088 0
4089 0
4090 0
4091 0
4092 0
4093 0
4094 0
4095 0
4096 0
4097 0
4098 0
4099 0
4100 0
4101 0
4102 0
4103 0
4104 0
4105 0
4106 0
4107 0
4108 0
4109 0
4110 0
4111 0
4112 0
4113 0
4114 0
4115 0
4116 0
4117 0
4118 0
4119 0
4120 0
4121 0
4122 0
4123 0
4124 0
4125 0
4126 0
4127 0
4128 15
4129 15
4130 15
4131 15
4132 15
4133 15
4134 15
4135 15
4136 15
4137 15
4138 15
4139 15
4140 16
4141 16
4142 16
4143 16
4144 16
4145 16
4146 16
4147 16
4148 16
4149 16
4150 16
4151 16
4152 16
4153 16
4154 16
4155 16
4156 16
4157 16
4158 16
4159 16
4160 16
4161 17
4162 17
4163 17
4164 17
4165 17
4166 17
4167 17
4168 17
4169 17
4170 17
4171 17
4172 17
4173 17
4174 17
4175 17
4176 17
4177 17
4178 17
4179 17
4180 17
4181 17
4182 18
4183 18
4184 18
4185 18
4186 18
4187 18
4188 18
4189 18
4190 18
4191 18
4192 18
4193 18
4194 18
4195 18
4196 18
4197 18
4198 18
4199 18
4200 18
4201 18
4202 18
4203 0
4204 0
4205 0
4206 0
4207 0
4208 0
4209 0
4210 0
4211 0
4212 0
4213 0
4214 0
4215 0
4216 0
4217 0
4218 0
4219 0
4220 0
4221 0
4222 0
4223 0
4224 0
4225 0
4226 0
4227 0
4228 0
4229 0
4230 0
4231 0
4232 0
4233 0
4234 0
4235 0
4236 0
4237 0
4238 0
4239 0
4240 0
4241 0
4242 0
4243 0
4244 0
4245 0
4246 0
4247 0
4248 0
4249 0
4250 0
4251 0
4252 0
4253 0
4254 0
4255 0
4256 18
4257 18
4258 19
4259 19
4260 19
4261 19
4262 19
4263 19
4264 19
4265 19
4266 19
4267 19
4268 19
4269 19
4270 19
4271 19
4272 19
4273 19
4274 19
4275 19
4276 19
4277 19
4278 19
4279 19
4280 19
4281 19
4282 20
4283 20
4284 20
4285 20
4286 20
4287 20
4288 20
4289 20
4290 20
4291 20
4292 20
4293 20
4294 20
4295 20
4296 20
4297 20
4298 20
4299 20
4300 20
4301 20
4302 20
4303 20
4304 20
4305 20
4306 21
4307 21
4308 21
4309 21
4310 21
4311 21
4312 21
4313 21
4314 21
4315 21
4316 21
4317 21
4318 21
4319 21
4320 21
4321 21
4322 21
4323 21
4324 21
4325 21
4326 21
4327 21
4328 21
4329 22
4330 22
4331 0
4332 0
4333 0
4334 0
4335 0
4336 0
4337 0
4338 0
4339 0
4340 0
4341 0
4342 0
4343 0
4344 0
4345 0
4346 0
4347 0
4348 0
4349 0
4350 0
4351 0
4352 0
4353 0
4354 0
4355 0
4356 0
4357 0
4358 0
4359 0
4360 0
4361 0
4362 0
4363 0
4364 0
4365 0
4366 0
4367 0
4368 0
4369 0
4370 0
4371 0
4372 0
4373 0
4374 0
4375 0
4376 0
4377 0
4378 0
4379 0
4380 0
4381 0
4382 0
4383 0
4384 0
4385 0
4386 0
4387 0
4388 0
4389 0
4390 0
4391 0
4392 0
4393 0
4394 0
4395 0
4396 0
4397 0
4398 0
4399 0
4400 0
4401 0
4402 0
4403 0
4404 0
4405 0
4406 0
4407 0
4408 0
4409 0
4410 0
4411 0
4412 0
4413 0
4414 0
4415 0
4416 0
4417 0
4418 0
4419 0
4420 0
4421 0
4422 0
4423 0
4424 0
4425 0
4426 0
4427 0
4428 0
4429 0
4430 0
4431 0
4432 0
4433 0
4434 0
4435 0
4436 0
4437 0
4438 0
4439 0
4440 0
4441 0
4442 0
4443 0
4444 0
4445 0
4446 0
4447 0
4448 0
4449 0
4450 0
4451 0
4452 0
4453 0
4454 0
4455 0
4456 0
4457 0
4458 0
4459 0
4460 0
4461 0
4462 0
4463 0
4464 0
4465 0
4466 0
4467 0
4468 0
4469 0
4470 0
4471 0
4472 0
4473 0
4474 0
4475 0
4476 0
4477 0
4478 0
4479 0
4480 0
4481 0
4482 0
4483 0
4484 0
4485 0
4486 0
4487 0
4488 0
4489 0
4490 0
4491 0
4492 0
4493 0
4494 0
4495 0
4496 0
4497 0
4498 0
4499 0
4500 0
4501 0
4502 0
4503 0
4504 0
4505 0
4506 0
4507 0
4508 0
4509 0
4510 0
4511 0
4512 0
4513 0
4514 0
4515 0
4516 0
4517 0
4518 0
4519 0
4520 0
4521 0
4522 0
4523 0
4524 0
4525 0
4526 0
4527 0
4528 0
4529 0
4530 0
4531 0
4532 0
4533 0
4534 0
4535 0
4536 0
4537 0
4538 0
4539 0
4540 0
4541 0
4542 0
4543 0
4544 0
4545 0
4546 0
4547 0
4548 0
4549 0
4550 0
4551 0
4552 0
4553 0
4554 0
4555 0
4556 0
4557 0
4558 0
4559 0
4560 0
4561 0
4562 0
4563 0
4564 0
4565 0
4566 0
4567 0
4568 0
4569 0
4570 0
4571 0
4572 0
4573 0
4574 0
4575 0
4576 0
4577 0
4578 0
4579 0
4580 0
4581 0
4582 0
4583 0
4584 0
4585 0
4586 0
4587 0
4588 0
4589 0
4590 0
4591 0
4592 0
4593 0
4594 0
4595 0
4596 0
4597 0
4598 0
4599 0
4600 0
4601 0
4602 0
4603 0
4604 0
4605 0
4606 0
4607 0
4608 0
4609 0
4610 0
4611 0
4612 0
4613 0
4614 0
4615 0
4616 0
4617 0
4618 0
4619 0
4620 0
4621 0
4622 0
4623 0
4624 0
4625 0
4626 0
4627 0
4628 0
4629 0
4630 0
4631 0
4632 0
4633 0
4634 0
4635 0
4636 0
4637 0
4638 0
4639 0
4640 8
4641 8
4642 8
4643 8
4644 8
4645 8
4646 9
4647 9
4648 9
4649 9
4650 9
4651 9
4652 10
4653 10
4654 10
4655 10
4656 10
4657 10
4658 11
4659 11
4660 11
4661 11
4662 11
4663 11
4664 12
4665 12
4666 12
4667 12
4668 12
4669 12
4670 13
4671 13
4672 13
4673 13
4674 13
4675 13
4676 13
4677 14
4678 14
4679 14
4680 14
4681 14
4682 14
4683 15
4684 15
4685 15
4686 15
4687 15
4688 15
4689 16
4690 16
4691 16
4692 16
4693 16
4694 16
4695 17
4696 17
4697 17
4698 17
4699 17
4700 17
4701 18
4702 18
4703 18
4704 18
4705 18
4706 18
4707 18
4708 19
4709 19
4710 19
4711 19
4712 19
4713 19
4714 20
4715 0
4716 0
4717 0
4718 0
4719 0
4720 0
4721 0
4722 0
4723 0
4724 0
4725 0
4726 0
4727 0
4728 0
4729 0
4730 0
4731 0
4732 0
4733 0
4734 0
4735 0
4736 0
4737 0
4738 0
4739 0
4740 0
4741 0
4742 0
4743 0
4744 0
4745 0
4746 0
4747 0
4748 0
4749 0
4750 0
4751 0
4752 0
4753 0
4754 0
4755 0
4756 0
4757 0
4758 0
4759 0
4760 0
4761 0
4762 0
4763 0
4764 0
4765 0
4766 0
4767 0
4768 10
4769 10
4770 10
4771 10
4772 10
4773 11
4774 11
4775 11
4776 11
4777 11
4778 11
4779 11
4780 11
4781 11
4782 11
4783 12
4784 12
4785 12
4786 12
4787 12
4788 12
4789 12
4790 12
4791 12
4792 13
4793 13
4794 13
4795 13
4796 13
4797 13
4798 13
4799 13
4800 13
4801 13
4802 14
4803 14
4804 14
4805 14
4806 14
4807 14
4808 14
4809 14
4810 14
4811 14
4812 15
4813 15
4814 15
4815 15
4816 15
4817 15
4818 15
4819 15
4820 15
4821 16
4822 16
4823 16
4824 16
4825 16
4826 16
4827 16
4828 16
4829 16
4830 16
4831 17
4832 17
4833 17
4834 17
4835 17
4836 17
4837 17
4838 17
4839 17
4840 17
4841 18
4842 18
4843 0
4844 0
4845 0
4846 0
4847 0
4848 0
4849 0
4850 0
4851 0
4852 0
4853 0
4854 0
4855 0
4856 0
4857 0
4858 0
4859 0
4860 0
4861 0
4862 0
4863 0
4864 0
4865 0
4866 0
4867 0
4868 0
4869 0
4870 0
4871 0
4872 0
4873 0
4874 0
4875 0
4876 0
4877 0
4878 0
4879 0
4880 0
4881 0
4882 0
4883 0
4884 0
4885 0
4886 0
4887 0
4888 0
4889 0
4890 0
4891 0
4892 0
4893 0
4894 0
4895 0
4896 10
4897 10
4898 11
4899 11
4900 11
4901 11
4902 11
4903 12
4904 12
4905 12
4906 12
4907 12
4908 13
4909 13
4910 13
4911 13
4912 13
4913 14
4914 14
4915 14
4916 14
4917 14
4918 15
4919 15
4920 15
4921 15
4922 15
4923 16
4924 16
4925 16
4926 16
4927 16
4928 17
4929 17
4930 17
4931 17
4932 17
4933 18
4934 18
4935 18
4936 18
4937 18
4938 18
4939 19
4940 19
4941 19
4942 19
4943 19
4944 20
4945 20
4946 20
4947 20
4948 20
4949 21
4950 21
4951 21
4952 21
4953 21
4954 22
4955 22
4956 22
4957 22
4958 22
4959 23
4960 23
4961 23
4962 23
4963 23
4964 24
4965 24
4966 24
4967 24
4968 24
4969 25
4970 25
4971 0
4972 0
4973 0
4974 0
4975 0
4976 0
4977 0
4978 0
4979 0
4980 0
4981 0
4982 0
4983 0
4984 0
4985 0
4986 0
4987 0
4988 0
4989 0
4990 0
4991 0
4992 0
4993 0
4994 0
4995 0
4996 0
4997 0
4998 0
4999 0
5000 0
5001 0
5002 0
5003 0
5004 0
5005 0
5006 0
5007 0
5008 0
5009 0
5010 0
5011 0
5012 0
5013 0
5014 0
5015 0
5016 0
5017 0
5018 0
5019 0
5020 0
5021 0
5022 0
5023 0
5024 14
5025 14
5026 14
5027 14
5028 14
5029 14
5030 15
5031 15
5032 15
5033 15
5034 15
5035 15
5036 16
5037 16
5038 16
5039 16
5040 16
5041 16
5042 17
5043 17
5044 17
5045 17
5046 17
5047 17
5048 18
5049 18
5050 18
5051 18
5052 18
5053 18
5054 19
5055 19
5056 19
5057 19
5058 19
5059 19
5060 20
5061 20
5062 20
5063 20
5064 20
5065 20
5066 21
5067 21
5068 21
5069 21
5070 21
5071 22
5072 22
5073 22
5074 22
5075 22
5076 22
5077 23
5078 23
5079 23
5080 23
5081 23
5082 23
5083 24
5084 24
5085 24
5086 24
5087 24
5088 24
5089 25
5090 25
5091 25
5092 25
5093 25
5094 25
5095 26
5096 26
5097 26
5098 26
5099 0
5100 0
5101 0
5102 0
5103 0
5104 0
5105 0
5106 0
5107 0
5108 0
5109 0
5110 0
5111 0
5112 0
5113 0
5114 0
5115 0
5116 0
5117 0
5118 0
5119 0
5120 0
5121 0
5122 0
5123 0
5124 0
5125 0
5126 0
5127 0
5128 0
5129 0
5130 0
5131 0
5132 0
5133 0
5134 0
5135 0
5136 0
5137 0
5138 0
5139 0
5140 0
5141 0
5142 0
5143 0
5144 0
5145 0
5146 0
5147 0
5148 0
5149 0
5150 0
5151 0
5152 14
5153 14
5154 14
5155 14
5156 15
5157 15
5158 15
5159 15
5160 16
5161 16
5162 16
5163 16
5164 17
5165 17
5166 17
5167 17
5168 17
5169 18
5170 18
5171 18
5172 18
5173 19
5174 19
5175 19
5176 19
5177 20
5178 20
5179 20
5180 20
5181 21
5182 21
5183 21
5184 21
5185 22
5186 22
5187 22
5188 22
5189 23
5190 23
5191 23
5192 23
5193 24
5194 24
5195 24
5196 24
5197 25
5198 25
5199 25
5200 25
5201 26
5202 26
5203 26
5204 26
5205 27
5206 27
5207 27
5208 27
5209 28
5210 28
5211 28
5212 28
5213 28
5214 29
5215 29
5216 29
5217 29
5218 30
5219 30
5220 30
5221 30
5222 31
5223 31
5224 31
5225 31
5226 32
5227 0
5228 0
5229 0
5230 0
5231 0
5232 0
5233 0
5234 0
5235 0
5236 0
5237 0
5238 0
5239 0
5240 0
5241 0
5242 0
5243 0
5244 0
5245 0
5246 0
5247 0
5248 0
5249 0
5250 0
5251 0
5252 0
5253 0
5254 0
5255 0
5256 0
5257 0
5258 0
5259 0
5260 0
5261 0
5262 0
5263 0
5264 0
5265 0
5266 0
5267 0
5268 0
5269 0
5270 0
5271 0
5272 0
5273 0
5274 0
5275 0
5276 0
5277 0
5278 0
5279 0
5280 24
5281 24
5282 24
5283 24
5284 24
5285 24
5286 24
5287 24
5288 24
5289 24
5290 24
5291 24
5292 24
5293 24
5294 24
5295 24
5296 24
5297 24
5298 24
5299 24
5300 24
5301 24
5302 23
5303 23
5304 23
5305 23
5306 23
5307 23
5308 23
5309 23
5310 23
5311 23
5312 23
5313 23
5314 23
5315 23
5316 23
5317 23
5318 23
5319 23
5320 23
5321 23
5322 23
5323 23
5324 23
5325 22
5326 22
5327 22
5328 22
5329 22
5330 22
5331 22
5332 22
5333 22
5334 22
5335 22
5336 22
5337 22
5338 22
5339 22
5340 22
5341 22
5342 22
5343 22
5344 22
5345 22
5346 22
5347 22
5348 22
5349 21
5350 21
5351 21
5352 21
5353 21
5354 21
5355 0
5356 0
5357 0
5358 0
5359 0
5360 0
5361 0
5362 0
5363 0
5364 0
5365 0
5366 0
5367 0
5368 0
5369 0
5370 0
5371 0
5372 0
5373 0
5374 0
5375 0
5376 0
5377 0
5378 0
5379 0
5380 0
5381 0
5382 0
5383 0
5384 0
5385 0
5386 0
5387 0
5388 0
5389 0
5390 0
5391 0
5392 0
5393 0
5394 0
5395 0
5396 0
5397 0
5398 0
5399 0
5400 0
5401 0
5402 0
5403 0
5404 0
5405 0
5406 0
5407 0
5408 0
5409 0
5410 0
5411 0
5412 0
5413 0
5414 0
5415 0
5416 0
5417 0
5418 0
5419 0
5420 0
5421 0
5422 0
5423 0
5424 0
5425 0
5426 0
5427 0
5428 0
5429 0
5430 0
5431 0
5432 0
5433 0
5434 0
5435 0
5436 0
5437 0
5438 0
5439 0
5440 0
5441 0
5442 0
5443 0
5444 0
5445 0
5446 0
5447 0
5448 0
5449 0
5450 0
5451 0
5452 0
5453 0
5454 0
5455 0
5456 0
5457 0
5458 0
5459 0
5460 0
5461 0
5462 0
5463 0
5464 0
5465 0
5466 0
5467 0
5468 0
5469 0
5470 0
5471 0
5472 0
5473 0
5474 0
5475 0
5476 0
5477 0
5478 0
5479 0
5480 0
5481 0
5482 0
5483 0
5484 0
5485 0
5486 0
5487 0
5488 0
5489 0
5490 0
5491 0
5492 0
5493 0
5494 0
5495 0
5496 0
5497 0
5498 0
5499 0
5500 0
5501 0
5502 0
5503 0
5504 0
5505 0
5506 0
5507 0
5508 0
5509 0
5510 0
5511 0
5512 0
5513 0
5514 0
5515 0
5516 0
5517 0
5518 0
5519 0
5520 0
5521 0
5522 0
5523 0
5524 0
5525 0
5526 0
5527 0
5528 0
5529 0
5530 0
5531 0
5532 0
5533 0
5534 0
5535 0
5536 0
5537 0
5538 0
5539 0
5540 0
5541 0
5542 0
5543 0
5544 0
5545 0
5546 0
5547 0
5548 0
5549 0
5550 0
5551 0
5552 0
5553 0
5554 0
5555 0
5556 0
5557 0
5558 0
5559 0
5560 0
5561 0
5562 0
5563 0
5564 0
5565 0
5566 0
5567 0
5568 0
5569 0
5570 0
5571 0
5572 0
5573 0
5574 0
5575 0
5576 0
5577 0
5578 0
5579 0
5580 0
5581 0
5582 0
5583 0
5584 0
5585 0
5586 0
5587 0
5588 0
5589 0
5590 0
5591 0
5592 0
5593 0
5594 0
5595 0
5596 0
5597 0
5598 0
5599 0
5600 0
5601 0
5602 0
5603 0
5604 0
5605 0
5606 0
5607 0
5608 0
5609 0
5610 0
5611 0
5612 0
5613 0
5614 0
5615 0
5616 0
5617 0
5618 0
5619 0
5620 0
5621 0
5622 0
5623 0
5624 0
5625 0
5626 0
5627 0
5628 0
5629 0
5630 0
5631 0
5632 0
5633 0
5634 0
5635 0
5636 0
5637 0
5638 0
5639 0
5640 0
5641 0
5642 0
5643 0
5644 0
5645 0
5646 0
5647 0
5648 0
5649 0
5650 0
5651 0
5652 0
5653 0
5654 0
5655 0
5656 0
5657 0
5658 0
5659 0
5660 0
5661 0
5662 0
5663 0
