# A single LUT file assembled from several LUT files by mergeLUTS_LC.py
#<header> V2 10 9 </header>
#LUT data extracted from file tauCalibrationLUTBarrelA.txt, will offset address by 0x0
#Min 0
#Max 2
#CutOff 100
#First value E+H (directly in GeV) Second number is the multiplicate coefficient on 9 bits between Min and Max 
0 349
1 349
2 349
3 349
4 349
5 349
6 349
7 349
8 349
9 349
10 349
11 349
12 349
13 349
14 358
15 368
16 377
17 386
18 392
19 398
20 401
21 405
22 406
23 407
24 406
25 405
26 403
27 401
28 398
29 396
30 393
31 391
32 388
33 386
34 383
35 381
36 379
37 377
38 374
39 372
40 370
41 368
42 366
43 364
44 362
45 360
46 358
47 356
48 355
49 353
50 352
51 350
52 349
53 348
54 346
55 345
56 344
57 342
58 341
59 339
60 338
61 337
62 335
63 334
64 333
65 332
66 330
67 329
68 328
69 327
70 326
71 325
72 324
73 323
74 322
75 321
76 321
77 320
78 319
79 318
80 317
81 316
82 315
83 315
84 314
85 313
86 313
87 312
88 312
89 311
90 311
91 311
92 310
93 310
94 310
95 309
96 309
97 309
98 308
99 308
100 308
101 308
102 308
103 308
104 308
105 308
106 308
107 308
108 308
109 308
110 308
111 308
112 308
113 308
114 308
115 308
116 308
117 308
118 308
119 308
120 308
121 308
122 308
123 308
124 308
125 308
126 308
127 308
#LUT data extracted from file tauCalibrationLUTBarrelB.txt, will offset address by 0x80
#Min 0
#Max 2
#CutOff 100
#First value E+H (directly in GeV) Second number is the multiplicate coefficient on 9 bits between Min and Max 
128 339
129 339
130 339
131 339
132 339
133 339
134 339
135 339
136 339
137 339
138 339
139 339
140 339
141 339
142 340
143 341
144 343
145 344
146 345
147 347
148 348
149 348
150 349
151 349
152 349
153 349
154 349
155 348
156 347
157 346
158 345
159 343
160 342
161 340
162 339
163 337
164 336
165 334
166 333
167 332
168 331
169 330
170 329
171 328
172 327
173 326
174 325
175 324
176 323
177 322
178 321
179 320
180 319
181 318
182 317
183 316
184 316
185 315
186 314
187 314
188 313
189 313
190 313
191 312
192 312
193 311
194 311
195 310
196 309
197 309
198 308
199 307
200 307
201 306
202 305
203 304
204 304
205 303
206 302
207 302
208 301
209 301
210 300
211 300
212 299
213 299
214 299
215 299
216 299
217 299
218 299
219 299
220 299
221 299
222 299
223 298
224 298
225 297
226 296
227 295
228 295
229 295
230 295
231 295
232 295
233 295
234 295
235 295
236 295
237 295
238 295
239 295
240 295
241 295
242 295
243 295
244 295
245 295
246 295
247 295
248 295
249 295
250 295
251 295
252 295
253 295
254 295
255 295
#LUT data extracted from file tauCalibrationLUTBarrelC.txt, will offset address by 0x100
#Min 0
#Max 2
#CutOff 100
#First value E+H (directly in GeV) Second number is the multiplicate coefficient on 9 bits between Min and Max 
256 160
257 160
258 160
259 160
260 160
261 160
262 160
263 160
264 160
265 160
266 160
267 160
268 160
269 160
270 170
271 179
272 188
273 197
274 205
275 212
276 218
277 224
278 228
279 232
280 234
281 237
282 238
283 239
284 240
285 240
286 240
287 240
288 240
289 240
290 239
291 239
292 239
293 239
294 239
295 239
296 239
297 239
298 239
299 239
300 239
301 239
302 239
303 238
304 238
305 238
306 238
307 238
308 238
309 238
310 238
311 238
312 238
313 238
314 238
315 237
316 237
317 237
318 238
319 238
320 238
321 238
322 238
323 238
324 238
325 238
326 238
327 237
328 237
329 236
330 236
331 235
332 235
333 234
334 234
335 234
336 234
337 234
338 235
339 235
340 236
341 237
342 238
343 239
344 239
345 240
346 241
347 241
348 241
349 241
350 241
351 240
352 240
353 239
354 238
355 238
356 238
357 238
358 238
359 238
360 238
361 238
362 238
363 238
364 238
365 238
366 238
367 238
368 238
369 238
370 238
371 238
372 238
373 238
374 238
375 238
376 238
377 238
378 238
379 238
380 238
381 238
382 238
383 238
#LUT data extracted from file tauCalibrationLUTEndcapsA.txt, will offset address by 0x180
#Min 0
#Max 2
#CutOff 100
#First value E+H (directly in GeV) Second number is the multiplicate coefficient on 9 bits between Min and Max
384 400
385 400
386 400
387 400
388 400
389 400
390 400
391 400
392 400
393 400
394 400
395 400
396 400
397 400
398 415
399 430
400 442
401 455
402 465
403 474
404 480
405 486
406 488
407 490
408 489
409 489
410 486
411 483
412 480
413 476
414 472
415 468
416 464
417 460
418 457
419 453
420 449
421 446
422 443
423 440
424 437
425 434
426 431
427 428
428 426
429 424
430 422
431 419
432 417
433 416
434 414
435 412
436 410
437 408
438 407
439 405
440 403
441 401
442 399
443 396
444 394
445 392
446 390
447 388
448 386
449 384
450 382
451 381
452 379
453 378
454 377
455 376
456 375
457 374
458 374
459 373
460 372
461 372
462 371
463 370
464 369
465 368
466 367
467 365
468 364
469 363
470 361
471 360
472 359
473 358
474 357
475 356
476 356
477 355
478 354
479 354
480 353
481 352
482 351
483 350
484 350
485 350
486 350
487 350
488 350
489 350
490 350
491 350
492 350
493 350
494 350
495 350
496 350
497 350
498 350
499 350
500 350
501 350
502 350
503 350
504 350
505 350
506 350
507 350
508 350
509 350
510 350
511 350
#LUT data extracted from file tauCalibrationLUTEndcapsB.txt, will offset address by 0x200
#Min 0
#Max 2
#CutOff 100
#First value E+H (directly in GeV) Second number is the multiplicate coefficient on 9 bits between Min and Max 
512 341
513 341
514 341
515 341
516 341
517 341
518 341
519 341
520 341
521 341
522 341
523 341
524 341
525 341
526 349
527 357
528 363
529 370
530 375
531 380
532 382
533 385
534 385
535 385
536 384
537 382
538 380
539 378
540 375
541 372
542 369
543 367
544 364
545 362
546 360
547 358
548 357
549 356
550 354
551 353
552 352
553 351
554 350
555 348
556 347
557 346
558 344
559 342
560 341
561 339
562 338
563 336
564 334
565 333
566 332
567 331
568 330
569 329
570 328
571 328
572 328
573 327
574 327
575 327
576 327
577 326
578 326
579 326
580 325
581 324
582 323
583 322
584 321
585 320
586 319
587 318
588 317
589 316
590 316
591 315
592 315
593 314
594 314
595 314
596 313
597 313
598 313
599 312
600 312
601 311
602 310
603 309
604 309
605 308
606 307
607 306
608 306
609 305
610 305
611 305
612 305
613 305
614 305
615 305
616 305
617 305
618 305
619 305
620 305
621 305
622 305
623 305
624 305
625 305
626 305
627 305
628 305
629 305
630 305
631 305
632 305
633 305
634 305
635 305
636 305
637 305
638 305
639 305
#LUT data extracted from file tauCalibrationLUTEndcapsC.txt, will offset address by 0x280
#Min 0
#Max 2
#CutOff 100
#First value E+H (directly in GeV) Second number is the multiplicate coefficient on 9 bits between Min and Max 
640 162
641 162
642 162
643 162
644 162
645 162
646 162
647 162
648 162
649 162
650 162
651 162
652 162
653 162
654 173
655 183
656 193
657 203
658 211
659 219
660 225
661 230
662 234
663 238
664 240
665 242
666 243
667 244
668 244
669 244
670 244
671 244
672 243
673 243
674 242
675 241
676 241
677 240
678 240
679 239
680 239
681 238
682 238
683 238
684 237
685 237
686 237
687 237
688 237
689 237
690 237
691 237
692 237
693 237
694 237
695 237
696 238
697 238
698 238
699 239
700 239
701 239
702 240
703 240
704 240
705 240
706 240
707 240
708 240
709 240
710 240
711 240
712 240
713 240
714 240
715 240
716 240
717 240
718 240
719 240
720 240
721 240
722 240
723 240
724 239
725 239
726 239
727 238
728 238
729 238
730 237
731 237
732 237
733 237
734 237
735 237
736 237
737 237
738 236
739 236
740 236
741 236
742 236
743 236
744 236
745 236
746 236
747 236
748 236
749 236
750 236
751 236
752 236
753 236
754 236
755 236
756 236
757 236
758 236
759 236
760 236
761 236
762 236
763 236
764 236
765 236
766 236
767 236
#LUT data extracted from file tauCalibrationLUTEta.txt, will offset address by 0x300
#Min 0.5
#Max 1.5
#First value is ieta from 0 to 55. Second number is the multiplicate coefficient on 9 bits between Min and Max 
768 182
769 182
770 182
771 182
772 182
773 182
774 208
775 208
776 208
777 208
778 208
779 250
780 250
781 250
782 250
783 250
784 224
785 225
786 222
787 219
788 216
789 213
790 214
791 214
792 209
793 207
794 207
795 208
796 210
797 205
798 207
799 210
800 211
801 213
802 211
803 212
804 218
805 221
806 224
807 230
808 249
809 249
810 249
811 249
812 249
813 212
814 212
815 212
816 212
817 212
818 212
819 177
820 177
821 177
822 177
823 177
824 256
825 256
826 256
827 256
828 256
829 256
830 256
831 256
